1.0,0.0,0.0
1.0,0.0,0.0
1.0,0.0,0.0
1.0,0.0,0.0
1.0,0.0,0.0
1.0,0.0,0.0
1.0,0.0,0.0
1.0,0.0,0.0
1.0,0.0,0.0
1.0,0.0,0.0
1.0,0.0,0.0
1.0,0.0,0.0
1.0,0.0,0.0
1.0,0.0,0.0
1.0,0.0,0.0
1.0,0.0,0.0
1.0,0.0,0.0
1.0,0.0,0.0
1.0,0.0,0.0
1.0,0.0,0.0
1.0,0.0,0.0
1.0,0.0,0.0
1.0,0.0,0.0
1.0,0.0,0.0
1.0,0.0,0.0
1.0,0.0,0.0
1.0,0.0,0.0
1.0,0.0,0.0
1.0,0.0,0.0
1.0,0.0,0.0
1.0,0.0,0.0
1.0,0.0,0.0
1.0,0.0,0.0
1.0,0.0,0.0
1.0,0.0,0.0
1.0,0.0,0.0
1.0,0.0,0.0
1.0,0.0,0.0
1.0,0.0,0.0
1.0,0.0,0.0
1.0,0.0,0.0
1.0,0.0,0.0
1.0,0.0,0.0
1.0,0.0,0.0
1.0,0.0,0.0
1.0,0.0,0.0
1.0,0.0,0.0
1.0,0.0,0.0
1.0,0.0,0.0
1.0,0.0,0.0
1.0,0.0,0.0
1.0,0.0,0.0
1.0,0.0,0.0
1.0,0.0,0.0
1.0,0.0,0.0
1.0,0.0,0.0
1.0,0.0,0.0
1.0,0.0,0.0
1.0,0.0,0.0
1.0,0.0,0.0
1.0,0.0,0.0
1.0,0.0,0.0
1.0,0.0,0.0
1.0,0.0,0.0
1.0,0.0,0.0
1.0,0.0,0.0
1.0,0.0,0.0
1.0,0.0,0.0
1.0,0.0,0.0
1.0,0.0,0.0
1.0,0.0,0.0
1.0,0.0,0.0
1.0,0.0,0.0
1.0,0.0,0.0
1.0,0.0,0.0
1.0,0.0,0.0
1.0,0.0,0.0
1.0,0.0,0.0
1.0,0.0,0.0
1.0,0.0,0.0
1.0,0.0,0.0
1.0,0.0,0.0
1.0,0.0,0.0
1.0,0.0,0.0
1.0,0.0,0.0
1.0,0.0,0.0
1.0,0.0,0.0
1.0,0.0,0.0
1.0,0.0,0.0
1.0,0.0,0.0
1.0,0.0,0.0
1.0,0.0,0.0
1.0,0.0,0.0
1.0,0.0,0.0
1.0,0.0,0.0
1.0,0.0,0.0
1.0,0.0,0.0
1.0,0.0,0.0
1.0,0.0,0.0
1.0,0.0,0.0
1.0,0.0,0.0
1.0,0.0,0.0
1.0,0.0,0.0
1.0,0.0,0.0
1.0,0.0,0.0
1.0,0.0,0.0
1.0,0.0,0.0
1.0,0.0,0.0
1.0,0.0,0.0
1.0,0.0,0.0
1.0,0.0,0.0
1.0,0.0,0.0
1.0,0.0,0.0
1.0,0.0,0.0
1.0,0.0,0.0
1.0,0.0,0.0
1.0,0.0,0.0
1.0,0.0,0.0
1.0,0.0,0.0
1.0,0.0,0.0
1.0,0.0,0.0
1.0,0.0,0.0
1.0,0.0,0.0
1.0,0.0,0.0
1.0,0.0,0.0
1.0,0.0,0.0
1.0,0.0,0.0
1.0,0.0,0.0
1.0,0.0,0.0
1.0,0.0,0.0
1.0,0.0,0.0
1.0,0.0,0.0
1.0,0.0,0.0
1.0,0.0,0.0
1.0,0.0,0.0
1.0,0.0,0.0
1.0,0.0,0.0
1.0,0.0,0.0
1.0,0.0,0.0
1.0,0.0,0.0
1.0,0.0,0.0
1.0,0.0,0.0
1.0,0.0,0.0
1.0,0.0,0.0
1.0,0.0,0.0
1.0,0.0,0.0
1.0,0.0,0.0
1.0,0.0,0.0
1.0,0.0,0.0
1.0,0.0,0.0
1.0,0.0,0.0
1.0,0.0,0.0
1.0,0.0,0.0
1.0,0.0,0.0
1.0,0.0,0.0
1.0,0.0,0.0
1.0,0.0,0.0
1.0,0.0,0.0
1.0,0.0,0.0
1.0,0.0,0.0
1.0,0.0,0.0
1.0,0.0,0.0
1.0,0.0,0.0
1.0,0.0,0.0
1.0,0.0,0.0
1.0,0.0,0.0
1.0,0.0,0.0
1.0,0.0,0.0
1.0,0.0,0.0
1.0,0.0,0.0
1.0,0.0,0.0
1.0,0.0,0.0
1.0,0.0,0.0
1.0,0.0,0.0
1.0,0.0,0.0
1.0,0.0,0.0
1.0,0.0,0.0
1.0,0.0,0.0
1.0,0.0,0.0
1.0,0.0,0.0
1.0,0.0,0.0
1.0,0.0,0.0
1.0,0.0,0.0
1.0,0.0,0.0
1.0,0.0,0.0
1.0,0.0,0.0
1.0,0.0,0.0
1.0,0.0,0.0
1.0,0.0,0.0
1.0,0.0,0.0
1.0,0.0,0.0
1.0,0.0,0.0
1.0,0.0,0.0
1.0,0.0,0.0
1.0,0.0,0.0
1.0,0.0,0.0
1.0,0.0,0.0
1.0,0.0,0.0
1.0,0.0,0.0
1.0,0.0,0.0
1.0,0.0,0.0
1.0,0.0,0.0
1.0,0.0,0.0
1.0,0.0,0.0
1.0,0.0,0.0
1.0,0.0,0.0
1.0,0.0,0.0
1.0,0.0,0.0
1.0,0.0,0.0
1.0,0.0,0.0
1.0,0.0,0.0
1.0,0.0,0.0
1.0,0.0,0.0
1.0,0.0,0.0
1.0,0.0,0.0
1.0,0.0,0.0
1.0,0.0,0.0
1.0,0.0,0.0
1.0,0.0,0.0
1.0,0.0,0.0
1.0,0.0,0.0
1.0,0.0,0.0
1.0,0.0,0.0
1.0,0.0,0.0
1.0,0.0,0.0
1.0,0.0,0.0
1.0,0.0,0.0
1.0,0.0,0.0
1.0,0.0,0.0
1.0,0.0,0.0
1.0,0.0,0.0
1.0,0.0,0.0
1.0,0.0,0.0
1.0,0.0,0.0
1.0,0.0,0.0
1.0,0.0,0.0
1.0,0.0,0.0
1.0,0.0,0.0
1.0,0.0,0.0
1.0,0.0,0.0
1.0,0.0,0.0
1.0,0.0,0.0
1.0,0.0,0.0
1.0,0.0,0.0
1.0,0.0,0.0
1.0,0.0,0.0
1.0,0.0,0.0
1.0,0.0,0.0
1.0,0.0,0.0
0.9919986074251855,0.07040056385748274,0.07040056385748274
0.9973907598239887,0.059578183460773516,0.059578183460773516
0.9990888224726209,0.027450351560103177,0.027450351560103177
0.9934571603021936,0.0682363622608492,0.0682363622608492
0.9963711855614947,-0.04999381067417387,-0.04999381067417387
0.9977937463311596,0.04509690224129902,0.04509690224129902
0.9910188004964255,-0.07606664085475108,-0.07606664085475108
0.9914922421694073,0.08309727658788287,0.08309727658788287
0.961793756428568,0.20155884079771916,0.20155884079771916
0.9939403157505409,0.06972312093400578,0.06972312093400578
0.9999543809667111,-0.0057691002435677945,-0.0057691002435677945
0.9999083045452685,-0.012585596253819803,-0.012585596253819803
0.99856314833355,0.04663940406295699,0.04663940406295699
0.9896460355160829,-0.08231201892575454,-0.08231201892575454
0.997506852945975,0.04972017515970829,0.04972017515970829
0.9983092929320498,-0.044202672957658964,-0.044202672957658964
0.9990036649334607,0.024975376240722356,0.024975376240722356
0.9955911645566045,-0.06062347469261869,-0.06062347469261869
0.9999900256100173,-0.002555892757735272,-0.002555892757735272
0.9992789840172239,0.01242698712075623,0.01242698712075623
0.9997755057598832,0.0211307679220704,0.0211307679220704
0.9999509707188244,-0.0064979104450230375,-0.0064979104450230375
0.97436151266223,-0.15025996632149752,-0.15025996632149752
0.997530825859735,0.038416675034858364,0.038416675034858364
0.9655884041687476,0.17979580111040938,0.17979580111040938
0.9944920559924862,0.05809820789272167,0.05809820789272167
0.9974186895959951,-0.03763348895333883,-0.03763348895333883
0.9860074240862193,-0.12367637543127091,-0.12367637543127091
0.9997183416481371,-0.01808124834805052,-0.01808124834805052
0.9939561782074066,0.05505854651476051,0.05505854651476051
0.9993313832959934,-0.009995245654060835,-0.009995245654060835
0.9997476684450827,0.0018165168159596996,0.0018165168159596996
0.997578568495532,-0.041918922055185145,-0.041918922055185145
0.9980002811995504,0.04366320674162879,0.04366320674162879
0.9980570746827468,0.013291866770109129,0.013291866770109129
0.990205052747578,-0.0832071828411972,-0.0832071828411972
0.9990708482548617,0.028241485637169075,0.028241485637169075
0.9986107888463039,-0.00021227331914574062,-0.00021227331914574062
0.9775285041372602,-0.14059311228429014,-0.14059311228429014
0.9937500591383301,0.07163922436336344,0.07163922436336344
0.9948451882368495,0.0762497610364052,0.0762497610364052
0.9986705143669083,0.03845248636891414,0.03845248636891414
0.9933355859670631,-0.08475340684512031,-0.08475340684512031
0.9996346090488784,-0.025101364309132127,-0.025101364309132127
0.9950719638004132,0.07155483214509617,0.07155483214509617
0.9818778853714007,-0.1349453780176771,-0.1349453780176771
0.9885732936200777,-0.08693423436589404,-0.08693423436589404
0.997674145088894,-0.04461522826640406,-0.04461522826640406
0.9973472982462896,-0.05999079569076754,-0.05999079569076754
0.9742521076234981,-0.1567956199166962,-0.1567956199166962
0.993008270150331,-0.07749135135205336,-0.07749135135205336
0.9997350498562374,-0.013295016503530698,-0.013295016503530698
0.9924050896080874,-0.09744867206919973,-0.09744867206919973
0.9999750056133652,-0.004296223882369209,-0.004296223882369209
0.9914775666177048,0.10435389329290355,0.10435389329290355
0.9929569091500345,-0.057034274169422,-0.057034274169422
0.9963901879688418,-0.06885965771910907,-0.06885965771910907
0.9908544320716788,-0.11237545315642997,-0.11237545315642997
0.9997933711963486,0.014603435873402536,0.014603435873402536
0.9999236884376007,0.0023558268140880024,0.0023558268140880024
0.9998383876796502,-0.0039577710657493015,-0.0039577710657493015
0.9984778942160222,-0.03745019316000287,-0.03745019316000287
0.9889668175031412,-0.11403625597847916,-0.11403625597847916
0.9964536505115579,-0.05976944083613098,-0.05976944083613098
0.9828565653398748,-0.12973108448345713,-0.12973108448345713
0.9986692964218697,0.03758023741863311,0.03758023741863311
0.9994699744251995,0.025897858718641805,0.025897858718641805
0.9983525934939829,0.020528237171416726,0.020528237171416726
0.9918158457669493,0.05903747588771263,0.05903747588771263
0.9990938179497423,0.026618704498693725,0.026618704498693725
0.9938651972865274,-0.06818349316454728,-0.06818349316454728
0.9923909500874661,-0.08796824457894689,-0.08796824457894689
0.9915810992633043,-0.07937939791506941,-0.07937939791506941
0.9953877683574411,0.0754388382696422,0.0754388382696422
0.9612648443890681,0.20120107946746799,0.20120107946746799
0.9792991944573173,-0.1295809982249773,-0.1295809982249773
0.9964042498919491,-0.061888701836297744,-0.061888701836297744
0.9941566961579601,0.08406881917902007,0.08406881917902007
0.9886494134277344,0.0999265058562619,0.0999265058562619
0.9966031650633793,0.0683408381446826,0.0683408381446826
0.993306347409448,0.0740638646339734,0.0740638646339734
0.9987629756265292,0.024351940846886962,0.024351940846886962
0.9882108398921878,0.10244502124485935,0.10244502124485935
0.9996564722575483,0.025980714177172688,0.025980714177172688
0.9996055648698824,-0.020981385327701343,-0.020981385327701343
0.9990054277331631,0.02716217896154147,0.02716217896154147
0.998629643336112,-0.048275007884406224,-0.048275007884406224
0.9980537158173709,0.04198960724628025,0.04198960724628025
0.9959993144149792,0.06305189424009248,0.06305189424009248
0.9993527028307402,0.023997309640459846,0.023997309640459846
0.9940722617742523,-0.07482611617102032,-0.07482611617102032
0.9975607675228853,0.05804695642828628,0.05804695642828628
0.9121100853974037,0.2373440383658945,0.2373440383658945
0.997801205121432,0.0486657419948754,0.0486657419948754
0.999951842943112,-0.007589884429534307,-0.007589884429534307
0.9947298647778335,-0.05720797887022945,-0.05720797887022945
0.9999482916855277,-0.01016912686808533,-0.01016912686808533
0.9999802944729972,0.005083865196416435,0.005083865196416435
0.9981630632329707,0.03192663655800455,0.03192663655800455
0.9990848422086206,-0.0367177774902849,-0.0367177774902849
0.9850825325471784,-0.12502450524924896,-0.12502450524924896
0.9930610961972625,0.08800375880679713,0.08800375880679713
0.9988031421896169,-0.013281339190273517,-0.013281339190273517
0.9839107167690039,0.13000759865878272,0.13000759865878272
0.9864833818170929,-0.11206020170914949,-0.11206020170914949
0.9985649120648896,0.025006389345060012,0.025006389345060012
0.9996032335128632,0.017321394475582657,0.017321394475582657
0.9968653015124693,-0.047476192002283375,-0.047476192002283375
0.9988447241724974,-0.02916901005403815,-0.02916901005403815
0.9998670418665945,0.009322062365699619,0.009322062365699619
0.9958900580066551,-0.05389938857509616,-0.05389938857509616
0.9988512487847022,0.047917103819528385,0.047917103819528385
0.9604802863693817,0.19888216036772188,0.19888216036772188
0.999120218426086,0.013973459041939522,0.013973459041939522
0.9958203312106746,0.06456121760375876,0.06456121760375876
0.999952937503579,0.00883463686479647,0.00883463686479647
0.9985980401207419,0.004898406298628958,0.004898406298628958
0.9961919738962476,-0.04506097080886533,-0.04506097080886533
0.9997593676545166,-0.019224810430695988,-0.019224810430695988
0.9960186047030558,-0.0873848390116858,-0.0873848390116858
0.9984141737176305,0.03294110706757006,0.03294110706757006
0.9793667504782797,-0.1323196213650227,-0.1323196213650227
0.9961801542811163,-0.050242676854361096,-0.050242676854361096
0.9961867726302059,0.05412922448756253,0.05412922448756253
0.9989437074657933,0.03340629569592512,0.03340629569592512
0.9994500531842822,-0.03245619394208476,-0.03245619394208476
0.9963175284500484,-0.07487142899509569,-0.07487142899509569
0.9989796248386911,0.03651563034298812,0.03651563034298812
0.9968935885539743,-0.054661652554860184,-0.054661652554860184
0.9891252441123805,0.10275328562719338,0.10275328562719338
0.9979075700411514,-0.046676499524538874,-0.046676499524538874
0.9898076659886945,-0.07717076662068552,-0.07717076662068552
0.9918566763977292,0.07676636457881222,0.07676636457881222
0.9963881578475375,0.060899263309978434,0.060899263309978434
0.9842945673950553,-0.13033234053383685,-0.13033234053383685
0.9996091809636897,-0.017914289023320963,-0.017914289023320963
0.9934415655714668,-0.07023294940241127,-0.07023294940241127
0.9999787154705956,0.006200289005263104,0.006200289005263104
0.9882593760302746,-0.10166381782557744,-0.10166381782557744
0.9989512199682559,0.023267655099484034,0.023267655099484034
0.996719694995846,-0.07024037003286229,-0.07024037003286229
0.998731390168748,0.041135831330614436,0.041135831330614436
0.9996541639772678,0.017492986159323824,0.017492986159323824
0.9938788822180593,-0.07588737586397244,-0.07588737586397244
0.9906324131773474,0.09741829915236756,0.09741829915236756
0.987410553516243,-0.12491609664334785,-0.12491609664334785
0.9937533252128617,-0.07380517836556152,-0.07380517836556152
0.9997465759672016,-0.022416835780765167,-0.022416835780765167
0.9993617316614622,-0.03281776376351214,-0.03281776376351214
0.9975943714897532,-0.050090447369017466,-0.050090447369017466
0.9949551512209717,-0.0677258943463846,-0.0677258943463846
0.9999847266115597,0.005477429435461736,0.005477429435461736
0.9888167842801807,-0.09537258625160114,-0.09537258625160114
0.9988184434300844,0.040232323904625326,0.040232323904625326
0.9973600687470933,0.0539917829885271,0.0539917829885271
0.9993081489773719,-0.023881175899779127,-0.023881175899779127
0.998649912550257,-0.05179140223984054,-0.05179140223984054
0.9853713813218089,0.1273393112006674,0.1273393112006674
0.98367989493328,-0.12123216541098485,-0.12123216541098485
0.9986389699181865,0.024530116370178937,0.024530116370178937
0.9997248763407038,0.023299590005174956,0.023299590005174956
0.999964727466534,-0.002210649252827473,-0.002210649252827473
0.9967476443265942,-0.05815459289562786,-0.05815459289562786
0.998205418380306,0.02515251937178305,0.02515251937178305
0.9988760246031565,-0.0192583236446418,-0.0192583236446418
0.9999723652767488,0.007210700153996039,0.007210700153996039
0.9972779166341538,-0.04189964085789256,-0.04189964085789256
0.9975758862971931,-0.03618569817550192,-0.03618569817550192
0.9985936726191244,0.025876271361072685,0.025876271361072685
0.9991986899255936,0.02518220130708529,0.02518220130708529
0.9986994218530726,0.03254853209559614,0.03254853209559614
0.9964193787523299,0.08452926844323846,0.08452926844323846
0.9999933118513779,-0.0008215191851362725,-0.0008215191851362725
0.9993234987272513,-0.03505741231423802,-0.03505741231423802
0.9938490572333502,-0.0912615711494412,-0.0912615711494412
0.9985526329423914,0.0317450573580179,0.0317450573580179
0.9957076487434859,-0.050439260885835516,-0.050439260885835516
0.9998503655373929,-0.0018324233060148945,-0.0018324233060148945
0.9993509033658035,0.008425902147762962,0.008425902147762962
0.9909835213709002,-0.08719910348402508,-0.08719910348402508
0.9977861845137492,-0.06186607774056539,-0.06186607774056539
0.9993230041060615,0.031314056095604184,0.031314056095604184
0.9957457524820744,0.048654652010482975,0.048654652010482975
0.9998512733599514,0.01633460756049686,0.01633460756049686
0.9902608840102993,-0.09633788147248674,-0.09633788147248674
0.9995639280912432,-0.018080086649421463,-0.018080086649421463
0.9858604315367212,0.1113283413755793,0.1113283413755793
0.9945808393183856,-0.0653093511453532,-0.0653093511453532
0.9998468983274658,0.009891512031038458,0.009891512031038458
0.9988245437593907,0.03627986133200072,0.03627986133200072
0.9996602980110231,0.00786869588887753,0.00786869588887753
0.9998644416467368,-0.011104224574239421,-0.011104224574239421
0.9955278235762189,0.044188475834636184,0.044188475834636184
0.998400574670573,0.04643657986486602,0.04643657986486602
0.9995916733281317,-0.018192089755261834,-0.018192089755261834
0.9981847433386021,0.05107284638037637,0.05107284638037637
0.987181340507884,-0.10085715810510593,-0.10085715810510593
0.9954973268924505,-0.05962339224630575,-0.05962339224630575
0.9956511734934058,0.06905145176385757,0.06905145176385757
0.9945006681971746,0.07608074180376075,0.07608074180376075
0.999821635739459,0.014477970539918459,0.014477970539918459
0.9968969548810376,-0.05010202826163149,-0.05010202826163149
0.9983634761027402,-0.030337976526769495,-0.030337976526769495
0.9998327904788643,0.015536578477898095,0.015536578477898095
0.9961126894426618,0.06077413893691884,0.06077413893691884
0.9986449128297334,0.037201872520909895,0.037201872520909895
0.9877556190788974,-0.10223025418293079,-0.10223025418293079
0.9985067920113921,0.008673696110296863,0.008673696110296863
0.9929209922331738,-0.04221683150744424,-0.04221683150744424
0.9978785222945117,-0.03991194844288457,-0.03991194844288457
0.9998994234788741,-0.014174744859866893,-0.014174744859866893
0.9963218576245121,-0.06769344030951199,-0.06769344030951199
0.9907001320268276,-0.10020387121071224,-0.10020387121071224
0.999953582716487,-0.006890302752640728,-0.006890302752640728
0.9979410320352344,0.04604460163854916,0.04604460163854916
0.9974662625560832,-0.023599274743627243,-0.023599274743627243
0.9547537508469371,-0.14135068144178928,-0.14135068144178928
0.9995250869548922,-0.013167704742945366,-0.013167704742945366
0.9962976498364778,0.05120802450985037,0.05120802450985037
0.9992980106458396,-0.016908142068185937,-0.016908142068185937
0.9992043298236206,-0.0297405218169821,-0.0297405218169821
0.9986446133261465,0.03500681375424006,0.03500681375424006
0.9779605028684919,0.15582944982820787,0.15582944982820787
0.9997951309302554,-0.014587133522224112,-0.014587133522224112
0.9961313375616444,-0.06334217290506987,-0.06334217290506987
0.9462714850747208,-0.2276065567380275,-0.2276065567380275
0.999209116228349,-0.02154952181465555,-0.02154952181465555
0.9967187385578339,-0.042554133970701985,-0.042554133970701985
0.9963868028186792,0.07941474361872912,0.07941474361872912
0.9998047917824138,-0.019633938387055343,-0.019633938387055343
0.984319090780666,-0.1062805984669258,-0.1062805984669258
0.999882094028847,-0.014207229946543656,-0.014207229946543656
0.9979275555741799,0.05541074604059546,0.05541074604059546
0.9994492023883288,-0.016720259770345254,-0.016720259770345254
0.9998157539737115,-0.013590595834039097,-0.013590595834039097
0.9998694607089583,0.009484400726399386,0.009484400726399386
0.9999746717668935,0.0044805112236436595,0.0044805112236436595
0.9999572769639747,0.009214876242126612,0.009214876242126612
0.9982940555471244,-0.030493172649650152,-0.030493172649650152
0.9968224360234691,-0.053443463745369596,-0.053443463745369596
0.9985153930665894,-0.049563895388308264,-0.049563895388308264
0.9997375178584156,-0.014642657927834223,-0.014642657927834223
0.978680885812227,-0.13410809550220554,-0.13410809550220554
0.996700380712164,-0.050702687736967074,-0.050702687736967074
0.9987016661897049,-0.04165646399334471,-0.04165646399334471
0.999000836182955,-0.03224989330474451,-0.03224989330474451
0.9999387747109675,0.002547395950645007,0.002547395950645007
0.9979158047649915,-0.06331259227018386,-0.06331259227018386
0.9998062531880936,0.00969795687693362,0.00969795687693362
0.9983029905070117,-0.038533884944963945,-0.038533884944963945
0.9999816001080668,0.0060200758616999715,0.0060200758616999715
0.9933476416175734,-0.07947754417252403,-0.07947754417252403
0.9985655330284064,-0.04264813256532975,-0.04264813256532975
0.9943359430393971,-0.10610363453430305,-0.10610363453430305
0.9855211159871535,-0.12213330374207752,-0.12213330374207752
0.9974476107479044,-0.05403488526171338,-0.05403488526171338
0.9982921456585334,0.04992282058468407,0.04992282058468407
0.9780757700130879,-0.12929524501756268,-0.12929524501756268
0.9941055429118342,-0.06654109660480118,-0.06654109660480118
0.997835105563975,0.033407737206041115,0.033407737206041115
0.9990297312977097,0.032890181118461606,0.032890181118461606
0.9947095798303995,-0.049762272544193985,-0.049762272544193985
0.9964254090796155,-0.05606932834093036,-0.05606932834093036
0.9987005766738979,0.03955801773835212,0.03955801773835212
0.9963785237250752,0.07577878914691753,0.07577878914691753
0.978345376309534,0.14784838729412195,0.14784838729412195
0.9705459519654761,-0.0994409689209812,-0.0994409689209812
0.9817540111606988,-0.12731293184574,-0.12731293184574
0.9991936026619592,-0.03926016638067811,-0.03926016638067811
0.9998751131177063,0.015751743140761505,0.015751743140761505
0.9999682058165162,0.0052767522501788585,0.0052767522501788585
0.9975715161595343,0.05624932048822328,0.05624932048822328
0.9802246350929928,-0.13175164897576552,-0.13175164897576552
0.9957312416367256,0.06967607572400221,0.06967607572400221
0.998637358256475,-0.03190514703784185,-0.03190514703784185
0.9972437560563682,-0.056073632472772104,-0.056073632472772104
0.9998708252180456,-0.003211896837033988,-0.003211896837033988
0.9730773955204016,0.13408053807211437,0.13408053807211437
0.9999873333010049,-0.0027713863043950216,-0.0027713863043950216
0.9996371724982491,0.01917231692499129,0.01917231692499129
0.999843100759514,0.015398419143173468,0.015398419143173468
0.9986505921900267,0.03559372496289004,0.03559372496289004
0.9992773982281484,-0.033246619350771105,-0.033246619350771105
0.9930392723210304,-0.05291073362204606,-0.05291073362204606
0.999987007156846,-0.004928952894748337,-0.004928952894748337
0.9934248361664424,0.09241317361369597,0.09241317361369597
0.9915966685894744,0.0939792661338453,0.0939792661338453
0.9632116977055877,-0.21241424479439727,-0.21241424479439727
0.9728901679491879,0.09042766465152534,0.09042766465152534
0.9989964865031002,0.039858459036779925,0.039858459036779925
0.9989864203258203,0.018635012108499098,0.018635012108499098
0.9998670511274311,0.0005443623219089347,0.0005443623219089347
0.9988208528613216,-0.03789472884770769,-0.03789472884770769
0.9964749061859871,0.039170417781599604,0.039170417781599604
0.9972298827751808,0.07065419909024544,0.07065419909024544
0.999610820777602,0.023083785348226922,0.023083785348226922
0.9980562603849639,0.03964674650612356,0.03964674650612356
0.9930786474730596,-0.07817023786725709,-0.07817023786725709
0.9988721315763969,0.0468054567880567,0.0468054567880567
0.9991022912869666,-0.030271672025397205,-0.030271672025397205
0.9993729806430672,0.016668042285002498,0.016668042285002498
0.9992138832308219,0.02121903977914845,0.02121903977914845
0.9994523021013052,-0.015750519406410896,-0.015750519406410896
0.9912141736990617,0.09019568943546782,0.09019568943546782
0.9463357785814984,0.2384194930493746,0.2384194930493746
0.9973795943650192,-0.04194633006577797,-0.04194633006577797
0.9335724441422221,-0.24170910361597836,-0.24170910361597836
0.9987934082782786,-0.02614759213400087,-0.02614759213400087
0.9989933810920679,-0.03402640619053329,-0.03402640619053329
0.9999791725103121,-0.005518299112004498,-0.005518299112004498
0.9971761419957674,-0.05260987279582607,-0.05260987279582607
0.9932748114246562,-0.05731140996907664,-0.05731140996907664
0.9704014854017635,0.18314163394117253,0.18314163394117253
0.9999681955516717,-0.007505376942720159,-0.007505376942720159
0.9997425311398839,0.019634747408008562,0.019634747408008562
0.9999658740784877,0.00806714387661845,0.00806714387661845
0.9987472004062459,0.03692754369453723,0.03692754369453723
0.9985691193385053,-0.03740924589202898,-0.03740924589202898
0.9972415907209693,0.055061044378000176,0.055061044378000176
0.9969747053528154,0.07771473376986555,0.07771473376986555
0.9951225141239616,0.05580288623684921,0.05580288623684921
0.9995159218545185,0.027088385303010016,0.027088385303010016
0.9936742407177547,0.10719877330733282,0.10719877330733282
0.9995235500516597,-0.006014043658292888,-0.006014043658292888
0.9995076907532714,0.005003798463522844,0.005003798463522844
0.9999172019805842,0.011434361961703813,0.011434361961703813
0.9986823371565113,-0.03571659233979494,-0.03571659233979494
0.9921169679098492,-0.07418431942776633,-0.07418431942776633
0.9998732059401331,0.012947434556595186,0.012947434556595186
0.9999382044413436,0.009198464841662887,0.009198464841662887
0.994848647133683,-0.07179992608899467,-0.07179992608899467
0.9988222442926543,0.03457444689182681,0.03457444689182681
0.9984929813759229,0.04135324787981868,0.04135324787981868
0.9910678498207585,0.08375477399152628,0.08375477399152628
0.9995522580928585,-0.02990724101295238,-0.02990724101295238
0.9999132603179448,-0.012468309069493625,-0.012468309069493625
0.9983909618441089,0.03913290921885364,0.03913290921885364
0.9999687114186188,0.006935539240796611,0.006935539240796611
0.9994228341258434,-0.022300747297559743,-0.022300747297559743
0.9995978661299668,0.028307493413846304,0.028307493413846304
0.9979901541628282,-0.037492117994758926,-0.037492117994758926
0.9966967909473922,-0.0732776680676632,-0.0732776680676632
0.9998484556188616,0.015189801792360569,0.015189801792360569
0.9398925531359096,-0.24214725028708836,-0.24214725028708836
0.9997406212293222,-0.010654950720337897,-0.010654950720337897
0.9995346260537922,0.012833045738022306,0.012833045738022306
0.9992828588113053,0.01736664993438932,0.01736664993438932
0.9986464320820976,-0.04465437267779082,-0.04465437267779082
0.9993858158290919,-0.022670579647274758,-0.022670579647274758
0.9990869296967824,0.0287539817532863,0.0287539817532863
0.9974437451014677,0.0482906761783541,0.0482906761783541
0.9989045938851387,-0.03936124380265035,-0.03936124380265035
0.9999300709828481,0.011249892019570029,0.011249892019570029
0.99498310188639,0.083363831459446,0.083363831459446
0.9999358919192171,-0.008788875372189663,-0.008788875372189663
0.999877976205382,-0.014939838217669511,-0.014939838217669511
0.9964235374841884,-0.07384807107404792,-0.07384807107404792
0.9924721819247844,0.04000831539566294,0.04000831539566294
0.9995005353285388,-0.013504662965453959,-0.013504662965453959
0.999852707471296,-0.011226301129302846,-0.011226301129302846
0.9524147365473219,0.17625287286319588,0.17625287286319588
0.9998854803073737,0.005612826488695567,0.005612826488695567
0.9994578144073597,0.02067087192015025,0.02067087192015025
0.9959014687195791,0.025275629698748733,0.025275629698748733
0.9955593631140961,0.06367366184087937,0.06367366184087937
0.9642623450729791,-0.17707503074365216,-0.17707503074365216
0.9987196651927742,0.038868297297835426,0.038868297297835426
0.9902992448608857,-0.059310525204887096,-0.059310525204887096
0.9988334319197413,0.02987488601896571,0.02987488601896571
0.9969495573135737,-0.05661532127878302,-0.05661532127878302
0.9968363036302653,-0.05892710835762221,-0.05892710835762221
0.9977522010994062,0.05514625795553305,0.05514625795553305
0.9984497730521176,-0.03765063121689913,-0.03765063121689913
0.9995100404228517,0.016543310876008365,0.016543310876008365
0.9982375057290312,-0.03752298303043616,-0.03752298303043616
0.9985745112250624,-0.039370545388136155,-0.039370545388136155
0.9917553201351694,0.0948387991306834,0.0948387991306834
0.9996080560598082,0.008616469917359865,0.008616469917359865
0.9891779777450016,0.10611924506128577,0.10611924506128577
0.9981855857906572,6.998243205772468e-05,6.998243205772468e-05
0.9960345447673614,0.06766599034214994,0.06766599034214994
0.9924535823206231,0.085233638229251,0.085233638229251
0.998667516922684,0.0384742730458712,0.0384742730458712
0.9996509687672682,-0.026324134810148888,-0.026324134810148888
0.9984102694428056,-0.03618583058439809,-0.03618583058439809
0.9997861624670804,-0.013835661106566265,-0.013835661106566265
0.9997491040643485,0.016718803850732444,0.016718803850732444
0.9999911632306098,0.004201803404695026,0.004201803404695026
0.9973834205070572,0.05344538905194997,0.05344538905194997
0.9998899459680833,0.00988183102051616,0.00988183102051616
0.9962549850327761,-0.06255406767915123,-0.06255406767915123
0.9999569691399012,-0.0009156882925991588,-0.0009156882925991588
0.947032915080823,0.14981723141147724,0.14981723141147724
0.9971264634018229,0.06302130535295236,0.06302130535295236
0.9994648453025444,-0.032439462870735125,-0.032439462870735125
0.9998133450532143,0.007070139492406459,0.007070139492406459
0.9997969046942209,0.01525812780813589,0.01525812780813589
0.997726003884654,-0.06629100101968856,-0.06629100101968856
0.9838301120457132,0.06597791707569926,0.06597791707569926
0.9999078738480776,-0.008068450636552113,-0.008068450636552113
0.990955078288478,0.09107519468436587,0.09107519468436587
0.9994892093089499,0.021477759724175646,0.021477759724175646
0.9976323655056867,-0.013264682432077,-0.013264682432077
0.9993255650977648,-0.02079335781839592,-0.02079335781839592
0.9975974255112442,-0.05364964860575761,-0.05364964860575761
0.9999426382782022,0.008400580071278755,0.008400580071278755
0.9999808845315983,0.005500712792798819,0.005500712792798819
0.9997090869591304,0.0196617322624227,0.0196617322624227
0.996353879905628,0.06847457416139087,0.06847457416139087
0.9977925532890087,0.023672746516544958,0.023672746516544958
0.9992596332278538,0.026941076113236366,0.026941076113236366
0.9995085883007584,0.026556412020950094,0.026556412020950094
0.9927882520758234,0.07661966482749902,0.07661966482749902
0.999763278902514,-0.020857277454239563,-0.020857277454239563
0.9996672769538666,0.016944263950988008,0.016944263950988008
0.9999971823857376,-0.0014051890858511255,-0.0014051890858511255
0.9987576903153129,-0.029516320329345716,-0.029516320329345716
0.9993215314103832,-0.023073063644177612,-0.023073063644177612
0.9879595972051878,-0.11453730887362498,-0.11453730887362498
0.9954662662191069,0.07220146787768163,0.07220146787768163
0.9991119409239755,0.03736915787413418,0.03736915787413418
0.9849689055213887,0.11009244991268491,0.11009244991268491
0.9738639792651421,-0.14770205038759643,-0.14770205038759643
0.9999980375530713,-0.00023076621386271473,-0.00023076621386271473
0.9999460344901077,0.008879376520305758,0.008879376520305758
0.9941300714795259,-0.03143645471580551,-0.03143645471580551
0.9780642056949431,-0.10681689333445396,-0.10681689333445396
0.9976947471516743,0.04733085789322896,0.04733085789322896
0.9997642867071082,-0.02061976891767475,-0.02061976891767475
0.9922944063071834,-0.07449482404282297,-0.07449482404282297
0.9844319182987222,-0.14906709385110778,-0.14906709385110778
0.9909840168617937,-0.05719758216027953,-0.05719758216027953
0.9959002899220079,-0.06913895358687322,-0.06913895358687322
0.9961796206488788,-0.05609959520297593,-0.05609959520297593
0.9989562087327585,0.03347360931468306,0.03347360931468306
0.9991995935768606,-0.01777435599986001,-0.01777435599986001
0.9578597203933786,0.17391593801602673,0.17391593801602673
0.9995818677417989,0.016107125962640363,0.016107125962640363
0.9999230272398587,-0.0007840857640795103,-0.0007840857640795103
0.9993584692903963,-0.03021997744603738,-0.03021997744603738
0.9992528585996265,-0.03247889338383495,-0.03247889338383495
0.9911787600021933,-0.09601048947638158,-0.09601048947638158
0.9960959025640251,0.0462855065871205,0.0462855065871205
0.9946257842045556,0.07008658965579904,0.07008658965579904
0.999657410777483,-0.005264965291957851,-0.005264965291957851
0.9998090740214154,0.015105106652895876,0.015105106652895876
0.984005402751767,0.13799322722375212,0.13799322722375212
0.9974023977764584,0.04813580155873724,0.04813580155873724
0.9999163664570249,0.002818061751411469,0.002818061751411469
0.9990461606728278,0.031589540115167576,0.031589540115167576
0.9999294818271521,-0.00018396167658689077,-0.00018396167658689077
0.998676347453765,0.03977305880421511,0.03977305880421511
0.9998496012208098,-0.00878267174459875,-0.00878267174459875
0.9629863142977582,-0.1630082646921203,-0.1630082646921203
0.9998013475103347,0.014019668977092071,0.014019668977092071
0.99703803100502,0.05484240371447456,0.05484240371447456
0.9953003652226592,-0.07055189657369884,-0.07055189657369884
0.9993832792164707,0.02001042683860105,0.02001042683860105
0.9999570762224328,0.00512091014460308,0.00512091014460308
0.998524094455233,-0.027345462807841964,-0.027345462807841964
0.9986265947375579,-0.03199028209930046,-0.03199028209930046
0.9986064642311182,-0.047597035019986855,-0.047597035019986855
0.9981485584908814,-0.046784616054805564,-0.046784616054805564
0.9989844296561218,-0.03955031909278693,-0.03955031909278693
0.9951428780748852,0.06790951972654226,0.06790951972654226
0.9984187018271029,0.04234757220281178,0.04234757220281178
0.9990427530078281,-0.03573055700980018,-0.03573055700980018
0.9998663781101802,-0.016259179464770842,-0.016259179464770842
0.9999673976272621,-0.0011864053524901484,-0.0011864053524901484
0.9999971614561199,-0.0023799573841018695,-0.0023799573841018695
0.9990052530521135,0.02045579022887561,0.02045579022887561
0.9998216351876994,-0.01679237884852606,-0.01679237884852606
0.9996094421065435,-0.01994158761201244,-0.01994158761201244
0.9999397277167501,-0.005616970327889194,-0.005616970327889194
0.9994754376899704,-0.02544009865265431,-0.02544009865265431
0.9971063988467951,-0.03140359576731728,-0.03140359576731728
0.9986722532228065,0.04948927968550572,0.04948927968550572
0.9999513089010029,5.9316292584537794e-05,5.9316292584537794e-05
0.9987991510221714,0.04189895925480408,0.04189895925480408
0.991184954471413,0.11914470498389049,0.11914470498389049
0.9988913873991333,0.014383064164634415,0.014383064164634415
0.9933039073965826,-0.08277177204914836,-0.08277177204914836
0.9988688124745401,-0.012481712364117506,-0.012481712364117506
0.9992331681504392,-0.007091389883885571,-0.007091389883885571
0.9984484344563477,-0.04341622268102656,-0.04341622268102656
0.9990845988998063,0.030704942785930004,0.030704942785930004
0.99971536686333,0.004655760453024192,0.004655760453024192
0.9945346221191966,0.07199502185608925,0.07199502185608925
0.999474763117141,-0.0205592520496528,-0.0205592520496528
0.9902275775058992,-0.07898715735637095,-0.07898715735637095
0.999494812978734,-0.02251024280644669,-0.02251024280644669
0.9993734652077667,0.01924162665392671,0.01924162665392671
0.9925015670027599,0.06261058536732872,0.06261058536732872
0.9670951576847556,-0.186794578216318,-0.186794578216318
0.9963153364352149,-0.053427602774675335,-0.053427602774675335
0.9999811478907958,-0.006124321973298084,-0.006124321973298084
0.9898188843216819,0.11168720943190814,0.11168720943190814
0.9877954471918715,-0.10817719027384871,-0.10817719027384871
0.9309241978935561,-0.2827853582417898,-0.2827853582417898
0.9983621526393645,0.03655361944174095,0.03655361944174095
0.9973163127396952,-0.05474961875195958,-0.05474961875195958
0.9887272382421342,-0.09239068355088607,-0.09239068355088607
0.9993056425808625,0.0298601254866124,0.0298601254866124
0.9998408919654936,-0.011233659120155462,-0.011233659120155462
0.9889150872580043,0.11933177255735579,0.11933177255735579
0.9919764734132707,-0.10484156495644482,-0.10484156495644482
0.9992438720929427,0.020666506129300086,0.020666506129300086
0.9976759281724042,0.0526797155719975,0.0526797155719975
0.9997062447360715,-0.006625305838136071,-0.006625305838136071
0.9999454795077486,-0.008525322365760092,-0.008525322365760092
0.9998500354800284,-0.01720446006009804,-0.01720446006009804
0.999879661934274,-0.009709050766072397,-0.009709050766072397
0.9969729025204833,0.06300864027916038,0.06300864027916038
0.9984816613667952,-0.02558452135381311,-0.02558452135381311
0.9988746925992879,-0.02865609809591282,-0.02865609809591282
0.9999567840216498,-0.009207266500108334,-0.009207266500108334
0.999058858918821,0.03357610192112272,0.03357610192112272
0.9994608060048996,-0.016371652948147953,-0.016371652948147953
0.9996345736173952,0.021111757293230456,0.021111757293230456
0.9997695266259963,0.018502897328444033,0.018502897328444033
0.9996709634383986,0.02315549257390779,0.02315549257390779
0.9994892592639115,0.021975343659714965,0.021975343659714965
0.9953805194842776,-0.06415601982920854,-0.06415601982920854
0.9893769288698281,0.10018648531289524,0.10018648531289524
0.9996370123598305,-0.012028700903630766,-0.012028700903630766
0.975312277569421,-0.16961441894583773,-0.16961441894583773
0.9966415326788408,-0.05610104636789063,-0.05610104636789063
0.9996748217314015,0.017345314583071276,0.017345314583071276
0.9976316477325775,-0.06566961368818314,-0.06566961368818314
0.9988106439783947,-0.040889944905991134,-0.040889944905991134
0.994618110687284,0.07653026065981638,0.07653026065981638
0.9997155440890008,0.014521358817394988,0.014521358817394988
0.9987874323475582,-0.037575019200335145,-0.037575019200335145
0.9999745981045084,0.0054887490437084754,0.0054887490437084754
0.9991798826769195,-0.036279752105496256,-0.036279752105496256
0.9983298339879539,0.04691424340028624,0.04691424340028624
0.9974369716376473,0.05429147930983831,0.05429147930983831
0.9999289051479073,0.011601106227693976,0.011601106227693976
0.9972310749085239,0.06842164397188427,0.06842164397188427
0.9884038272869794,0.04702302772637491,0.04702302772637491
0.9991505709496425,-0.02914853752189891,-0.02914853752189891
0.996281654602058,-0.06536213172583771,-0.06536213172583771
0.9386814306824675,-0.20725294629510232,-0.20725294629510232
0.999940716781463,-0.010884505801784971,-0.010884505801784971
0.9995956993852922,-0.021477059292647514,-0.021477059292647514
0.9974146703295795,-0.060654109453026586,-0.060654109453026586
0.9974308633777335,-0.045853637965210955,-0.045853637965210955
0.9997736088229663,-0.012195027582903202,-0.012195027582903202
0.978626161251265,0.05615126308757685,0.05615126308757685
0.9991502163512765,0.04053192957106784,0.04053192957106784
0.998464097543491,0.03534314914648733,0.03534314914648733
0.9982100924269109,-0.04158483021256487,-0.04158483021256487
0.9999598500038916,0.008316191786634447,0.008316191786634447
0.9986258079878326,-0.030027645506443577,-0.030027645506443577
0.9998824820258958,0.01067696608358661,0.01067696608358661
0.9990522719160816,-0.03426321708296085,-0.03426321708296085
0.9947993659410717,0.06943603153427705,0.06943603153427705
0.9968172834813764,-0.04780211893436127,-0.04780211893436127
0.9966808230542361,-0.05889071207116593,-0.05889071207116593
0.9994771297666974,0.013157239776385546,0.013157239776385546
0.9088853752623159,-0.2464343020095099,-0.2464343020095099
0.9906846150312657,-0.10308084371844758,-0.10308084371844758
0.9980098215169347,0.0365895075324873,0.0365895075324873
0.9997596201849693,-0.01900643660851682,-0.01900643660851682
0.9998964331714851,-0.010174286995921357,-0.010174286995921357
0.9944398124503647,0.06094714099949667,0.06094714099949667
0.9989725116216638,-0.045079122146982745,-0.045079122146982745
0.9985913526144696,0.051445532028662616,0.051445532028662616
0.9924929042378435,0.06753871465656751,0.06753871465656751
0.9984044685974037,0.03445887547849778,0.03445887547849778
0.999954701590155,-0.008007886909028924,-0.008007886909028924
0.9999243491756863,0.006167639451271242,0.006167639451271242
0.9999815637423299,0.005791552354783589,0.005791552354783589
0.9997121320367349,-0.01493496977041672,-0.01493496977041672
0.995860415873618,0.06557876885157797,0.06557876885157797
0.9990926278059968,-0.03630094339599627,-0.03630094339599627
0.998802362556691,0.036252513472198156,0.036252513472198156
0.9939275379371721,0.08329489405667784,0.08329489405667784
0.9867528827197902,-0.10917505164978697,-0.10917505164978697
0.972577781343066,0.1298303406561668,0.1298303406561668
0.9988338015246196,-0.029597940031872435,-0.029597940031872435
0.9999894307906975,0.004137733890371652,0.004137733890371652
0.9999731917489436,-0.0024900218942538683,-0.0024900218942538683
0.9666133611308391,-0.17774971341890602,-0.17774971341890602
0.9975181328954955,0.043849740400568465,0.043849740400568465
0.9983448304906289,-0.04668326494917072,-0.04668326494917072
0.9955392477580425,-0.03807227284433292,-0.03807227284433292
0.9991876686479522,-0.030007804561373475,-0.030007804561373475
0.9986714422665258,0.00983440583172043,0.00983440583172043
0.9999756092826967,0.005756079434878351,0.005756079434878351
0.9998563891524623,-0.015052078845204623,-0.015052078845204623
0.9998728676661599,-0.015559054903288391,-0.015559054903288391
0.9983151737424172,0.05783749338470215,0.05783749338470215
0.9997577253251662,-0.017402745571578584,-0.017402745571578584
0.9971029562625855,-0.05765193454958624,-0.05765193454958624
0.9975854380970355,-0.045072167311290524,-0.045072167311290524
0.9997517874167852,-0.0012642967818122723,-0.0012642967818122723
0.9995823914052709,-0.023365707382175013,-0.023365707382175013
0.9998580597507684,0.009382884578712154,0.009382884578712154
0.9999548309239915,0.004265132195480928,0.004265132195480928
0.9934930706074298,0.08597674145322219,0.08597674145322219
0.9636094249622554,-0.1611765056387814,-0.1611765056387814
0.998101994000105,-0.046325096005842205,-0.046325096005842205
0.9999395337920799,0.006912058478136417,0.006912058478136417
0.999133809287317,-0.014720746737695514,-0.014720746737695514
0.999987163198392,0.0050027432255535555,0.0050027432255535555
0.9986717048669946,-0.03452960921463832,-0.03452960921463832
0.9951807836897044,-0.0645539971703563,-0.0645539971703563
0.9997541501084704,-0.0006979326056626693,-0.0006979326056626693
0.9997957380101655,-0.012407301900740767,-0.012407301900740767
0.9883114656786613,-0.10101979429178612,-0.10101979429178612
0.9949930747413757,-0.05865866040207361,-0.05865866040207361
0.9998416288083409,0.012958260731193693,0.012958260731193693
0.9993255650413463,0.03371914059898921,0.03371914059898921
0.9992878984892721,-0.028038091329823715,-0.028038091329823715
0.9868744671095471,0.11501398477337399,0.11501398477337399
0.9999417251679998,-0.006366315014355856,-0.006366315014355856
0.9993614700919499,-0.021446759683665887,-0.021446759683665887
0.9996805483591329,-0.002284325131835612,-0.002284325131835612
0.9953719331294073,-0.06939543585764327,-0.06939543585764327
0.9956288102036738,0.055543950196618494,0.055543950196618494
0.9999271868198653,0.011657425804372372,0.011657425804372372
0.9999015831585826,-0.013208647874285518,-0.013208647874285518
0.9992200136454907,-0.025993579242588584,-0.025993579242588584
0.9938410893811065,0.06552821643098371,0.06552821643098371
0.9821657245644271,-0.1283307525712553,-0.1283307525712553
0.9666081018742597,0.17208295610700644,0.17208295610700644
0.9992706060523322,0.027940508495099943,0.027940508495099943
0.9807463004549601,-0.14675867965917477,-0.14675867965917477
0.9996376976478021,-0.020294527839239067,-0.020294527839239067
0.999370000912832,-0.030621380403845294,-0.030621380403845294
0.9965898659942228,-0.04874805306143353,-0.04874805306143353
0.9926602441717999,-0.0529704575619943,-0.0529704575619943
0.9835209230829716,0.14734442543921564,0.14734442543921564
0.9956403438782252,0.06198175070153263,0.06198175070153263
0.9959991670196737,0.051841365159256664,0.051841365159256664
0.9937189353423832,-0.08017040102857428,-0.08017040102857428
0.9999799729024987,-0.0012544958219109477,-0.0012544958219109477
0.9988264069854668,-0.040387184710144845,-0.040387184710144845
0.9999643214925663,0.007743406182354145,0.007743406182354145
0.998705674780618,-0.012834662107857874,-0.012834662107857874
0.9991910654786531,-0.027392640660642318,-0.027392640660642318
0.9984042807849144,0.03249995404840998,0.03249995404840998
0.9709683799796429,0.1692764295443527,0.1692764295443527
0.9991257005245328,0.031697573224362924,0.031697573224362924
0.9996728766655096,0.01681744690388091,0.01681744690388091
0.9491475842316136,0.223544761902937,0.223544761902937
0.9996310918989195,0.01809495534075986,0.01809495534075986
0.9953985436747269,0.042450356698340484,0.042450356698340484
0.9976416949757174,-0.05448578683202049,-0.05448578683202049
0.9996330708236053,0.015554606399238148,0.015554606399238148
0.9996941106637394,0.021778008646487986,0.021778008646487986
0.9932457772660235,0.08407231017971208,0.08407231017971208
0.9987472696372108,0.02740746638827059,0.02740746638827059
0.998205098377937,-0.04464176184907314,-0.04464176184907314
0.999555069283975,0.006724891239746753,0.006724891239746753
0.9998842214181,0.009996196039717974,0.009996196039717974
0.9924967772932427,-0.09303788997078608,-0.09303788997078608
0.9955391837909903,-0.07011570413419736,-0.07011570413419736
0.9997144173346741,0.01768073557442408,0.01768073557442408
0.9999604010204468,0.005731654449931917,0.005731654449931917
0.9980888963350133,-0.032682740654379865,-0.032682740654379865
0.9987834885988875,0.03175180496790889,0.03175180496790889
0.9996629160953835,-0.004365136705483912,-0.004365136705483912
0.9999255931732955,-0.005355619653197905,-0.005355619653197905
0.999972015820461,0.006879128707416865,0.006879128707416865
0.998656496582904,-0.008567362214620304,-0.008567362214620304
0.9996822983645256,-0.017481587222536465,-0.017481587222536465
0.9955952550988695,0.06035443192318659,0.06035443192318659
0.9937798963049618,-0.07474239200581786,-0.07474239200581786
0.9990461815191262,0.03232697372135062,0.03232697372135062
0.9999603844516576,0.00858811823824761,0.00858811823824761
0.9983705854737895,-0.0452727143111425,-0.0452727143111425
0.9995842384146261,-0.027083784736047587,-0.027083784736047587
0.9999781939468256,-0.005484221793486521,-0.005484221793486521
0.9981345568572874,-0.025026932295100703,-0.025026932295100703
0.9960578614977988,0.05992014906240431,0.05992014906240431
0.9967394859342134,-0.039156209034380114,-0.039156209034380114
0.9978242910778385,-0.03770877514351806,-0.03770877514351806
0.9991450847826157,-0.026624634585907875,-0.026624634585907875
0.9999963037526414,0.0026654123075110295,0.0026654123075110295
0.995697242366925,-0.06581122379617545,-0.06581122379617545
0.9980831809917928,-0.011555310051736923,-0.011555310051736923
0.9990822318078224,0.0066409934628898016,0.0066409934628898016
0.9990345644223871,-0.03455388701179326,-0.03455388701179326
0.9988846446690511,0.03266813883524295,0.03266813883524295
0.9991512318034583,0.03090596063369197,0.03090596063369197
0.9993312245324508,-0.027021067120460217,-0.027021067120460217
0.9904751275468937,0.09660421959550028,0.09660421959550028
0.9962263967708027,-0.06691080049210471,-0.06691080049210471
0.9985637774761742,0.03386026295497499,0.03386026295497499
0.9986252520173495,-0.040745009634356684,-0.040745009634356684
0.9970870483406128,0.05938317715726228,0.05938317715726228
0.9999626754174474,0.0014490185734945947,0.0014490185734945947
0.9984694288589474,0.03636695443052436,0.03636695443052436
0.9992896114045411,0.023186736850325726,0.023186736850325726
0.9969466823194989,-0.07558260589358284,-0.07558260589358284
0.9977725647389406,-0.04733226282615954,-0.04733226282615954
0.9998286183000814,-0.01771081167409398,-0.01771081167409398
0.9981493957916093,-0.04578257594426955,-0.04578257594426955
0.9973602550860198,-0.05616635358150388,-0.05616635358150388
0.9927226790363418,-0.08244434858054547,-0.08244434858054547
0.9994779762000167,-0.03224048939967049,-0.03224048939967049
0.9968803600092858,0.07318859570553234,0.07318859570553234
0.9963690714005858,-0.035888743015990515,-0.035888743015990515
0.9915740738205511,-0.07856868500796386,-0.07856868500796386
0.9988925253420959,0.03580898587345778,0.03580898587345778
0.9783865926963378,0.14788882366714906,0.14788882366714906
0.9985783089720262,0.041223464044148915,0.041223464044148915
0.992805079135132,0.11873338418565782,0.11873338418565782
0.9995324875522704,-0.022367700915431447,-0.022367700915431447
0.9997475706507338,-0.016985204593478787,-0.016985204593478787
0.9996588875089831,0.023558833492416848,0.023558833492416848
0.9999846344815949,-0.004674612945014995,-0.004674612945014995
0.9999663067036253,-0.0031991759155921475,-0.0031991759155921475
0.991466807123077,0.02587613662008819,0.02587613662008819
0.9991285631604436,-0.029093655946693324,-0.029093655946693324
0.9998343792025723,-0.013950846379170026,-0.013950846379170026
0.9997298427739943,-0.012467359257712562,-0.012467359257712562
0.9938019278919077,0.0606112110988925,0.0606112110988925
0.998886959368434,-0.04216221014209896,-0.04216221014209896
0.9999983179760544,0.0015686665815245555,0.0015686665815245555
0.9983774355440016,-0.03584413986002513,-0.03584413986002513
0.9998079594815511,-0.01814316417547739,-0.01814316417547739
0.999525192732935,0.023797936784005415,0.023797936784005415
0.9999103124607106,-0.01271050484231199,-0.01271050484231199
0.9999747700120922,-0.0019108942160527783,-0.0019108942160527783
0.9995307305437778,0.01746033963789203,0.01746033963789203
0.998984085404174,0.028771700568935674,0.028771700568935674
0.9983808235815004,0.04404883484388803,0.04404883484388803
0.9978792826731978,0.021372798670116506,0.021372798670116506
0.9997101713253955,-0.01898709097022008,-0.01898709097022008
0.9992129458539755,0.02166431194071015,0.02166431194071015
0.9994791946769804,0.024718070085743702,0.024718070085743702
0.9996063826407602,0.014901378781536781,0.014901378781536781
0.9996905679222539,-0.003968515935406662,-0.003968515935406662
0.9999121299323019,-0.010351601521350654,-0.010351601521350654
0.9996976896684678,0.013643688890644679,0.013643688890644679
0.998714455145875,0.04790861875053287,0.04790861875053287
0.999552931953081,-0.02165008442878373,-0.02165008442878373
0.9958018633810305,-0.06499054862908683,-0.06499054862908683
0.9999383245160213,-0.007695944989648256,-0.007695944989648256
0.9982656085107379,-0.040664109542241304,-0.040664109542241304
0.9981235418944572,-0.05313102288023757,-0.05313102288023757
0.9936157194404636,0.06555927860716086,0.06555927860716086
0.9992064535263476,-0.02344799670102976,-0.02344799670102976
0.9916319050820642,0.08507193351175,0.08507193351175
0.9912363976175173,-0.0938177743687152,-0.0938177743687152
0.9923833660667515,-0.08739806240780713,-0.08739806240780713
0.9999453313206993,0.002902013882162354,0.002902013882162354
0.9716871407858566,0.1746509207914504,0.1746509207914504
0.9619637511784984,-0.13780721661973477,-0.13780721661973477
0.999794949632297,0.020038859402435296,0.020038859402435296
0.9835282748012003,-0.1099557304933572,-0.1099557304933572
0.9849185949773044,-0.12236604394679326,-0.12236604394679326
0.995769070335388,-0.07175915213063774,-0.07175915213063774
0.9994799169121666,0.02456906411175478,0.02456906411175478
0.9972365920963464,-0.06225707062709548,-0.06225707062709548
0.9993890272531175,0.024031662659416968,0.024031662659416968
0.9970598658270904,-0.0590682185537161,-0.0590682185537161
0.9995709854031489,-0.02263190667515016,-0.02263190667515016
0.9999618643949179,-0.001316397095202911,-0.001316397095202911
0.9628216156847669,0.23124791813523593,0.23124791813523593
0.9995520636277883,-0.016583567150126873,-0.016583567150126873
0.9928864015689166,-0.08863807255103381,-0.08863807255103381
0.9986356735777449,0.033554859662269496,0.033554859662269496
0.9995119616385495,-0.021827564421105363,-0.021827564421105363
0.999247234088266,0.03631444776489641,0.03631444776489641
0.9970599933751072,0.05739320066995233,0.05739320066995233
0.9998973783744285,-0.007739304676907285,-0.007739304676907285
0.9996444330944095,0.017559987087416875,0.017559987087416875
0.996130149762979,-0.04885177560889845,-0.04885177560889845
0.9999718571634904,0.007018075500160421,0.007018075500160421
0.9999539815900292,0.007861000018011556,0.007861000018011556
0.999597184652394,-0.026027670097397274,-0.026027670097397274
0.9987258179571888,-0.03939485408023305,-0.03939485408023305
0.9991240862523596,0.02431502337546341,0.02431502337546341
0.9995131728231909,0.021984078230603575,0.021984078230603575
0.9993412540546467,-0.022327856538874112,-0.022327856538874112
0.9998185553801453,0.01820096550227549,0.01820096550227549
0.9995433461986658,0.02589519682588672,0.02589519682588672
0.9995992182359786,-0.023258300046120815,-0.023258300046120815
0.9991213628516602,-0.036426796826944205,-0.036426796826944205
0.9989926557149932,-0.023548838298736097,-0.023548838298736097
0.9999364955098589,-0.00972134283628022,-0.00972134283628022
0.9970866248461632,0.06301199508689134,0.06301199508689134
0.9985316484691285,0.044658273051418375,0.044658273051418375
0.998009949200908,0.04784833576845915,0.04784833576845915
0.9986594428214048,0.033109238120494364,0.033109238120494364
0.9961789142860066,0.063458851287144,0.063458851287144
0.9999913312459301,-0.002031766624730103,-0.002031766624730103
0.9999483908283399,-0.007920023748395986,-0.007920023748395986
0.9996279335301834,-0.018493011121893763,-0.018493011121893763
0.9518011370159425,0.2055661613139759,0.2055661613139759
0.9944227283238355,-0.06837838015936808,-0.06837838015936808
0.9938194536465456,0.0634240193037092,0.0634240193037092
0.99998905685086,-0.0026249592898816795,-0.0026249592898816795
0.995224618611193,-0.06873116835003448,-0.06873116835003448
0.9994763737459152,-0.027488865709979646,-0.027488865709979646
0.977863206392431,0.14228024877335943,0.14228024877335943
0.9995568382766211,0.029514767959459755,0.029514767959459755
0.9999181498472482,0.008311679041656382,0.008311679041656382
0.9959030751277956,0.058781348648034894,0.058781348648034894
0.9991768116581803,-0.027934244154515158,-0.027934244154515158
0.9942298697983494,-0.07056680427775985,-0.07056680427775985
0.9999660315050959,0.003991848902622571,0.003991848902622571
0.9966491097360808,-0.08176938907829705,-0.08176938907829705
0.9997405205758759,0.014556156475885328,0.014556156475885328
0.9952344796151149,0.06331296319005261,0.06331296319005261
0.9970613149822488,0.04187268649277853,0.04187268649277853
0.9994803553788488,-0.021487090999275447,-0.021487090999275447
0.9937148174604612,-0.07132822470132866,-0.07132822470132866
0.9973624881579639,-0.055348770063657904,-0.055348770063657904
0.9961370111994949,0.07693595642756278,0.07693595642756278
0.9997188028435681,0.022550199006854697,0.022550199006854697
0.9999580421930131,-0.009158906216181897,-0.009158906216181897
0.9999527688211288,0.009332876257037078,0.009332876257037078
0.9978276928487154,-0.04949261880119367,-0.04949261880119367
0.9952074878669104,-0.09356504168027857,-0.09356504168027857
0.9994730762725923,-0.02634813309212281,-0.02634813309212281
0.9930445840446442,0.08519523007634666,0.08519523007634666
0.9999436872850376,-0.00442582963589338,-0.00442582963589338
0.9987428068282718,-0.035170279537987174,-0.035170279537987174
0.9994842843210641,-0.0008111621865851723,-0.0008111621865851723
0.999433062949206,-0.02878030538661647,-0.02878030538661647
0.9944301282466963,0.07086793075148458,0.07086793075148458
0.9788970511752989,0.10466441060992668,0.10466441060992668
0.9976187007326699,0.028940055334429168,0.028940055334429168
0.9963713550117194,-0.06517138830418966,-0.06517138830418966
0.9800759385113038,0.16134241134292013,0.16134241134292013
0.9998330013994439,-0.008911901804215623,-0.008911901804215623
0.9969402555966312,0.057521836602679115,0.057521836602679115
0.9986332501016243,-0.029554685966063556,-0.029554685966063556
0.9995014465169756,0.01552204944988487,0.01552204944988487
0.9971348832413284,0.04710778472335699,0.04710778472335699
0.9980920017191265,-0.020788320565715123,-0.020788320565715123
0.9977692385581491,-0.01986187024363652,-0.01986187024363652
0.9976903105099791,0.04991613243191664,0.04991613243191664
0.9995639209124352,-0.021195132618093002,-0.021195132618093002
0.9979205258519639,0.053195313961303066,0.053195313961303066
0.9999558228450817,-0.009396968754259995,-0.009396968754259995
0.9937368668902998,-0.08689701689377705,-0.08689701689377705
0.9967215419178558,0.05279527774906798,0.05279527774906798
0.9996346804385328,0.02559953553410493,0.02559953553410493
0.9867143720835421,0.09491991880445742,0.09491991880445742
0.9998834255906982,-0.012861680368106546,-0.012861680368106546
0.999843904683537,-0.01723941056727546,-0.01723941056727546
0.9991076679913297,-0.028131105356061,-0.028131105356061
0.9999412436532132,-0.006124243841646034,-0.006124243841646034
0.9959934259729599,-0.06687966280095066,-0.06687966280095066
0.9997829321432106,0.011773780697578026,0.011773780697578026
0.9997107123020798,-0.015341877280325242,-0.015341877280325242
0.9992306037718358,0.03181289695633366,0.03181289695633366
0.9997222472359736,-0.01120224762585899,-0.01120224762585899
0.999163709285474,-0.03279144155265608,-0.03279144155265608
0.999940013493439,0.00856828899217058,0.00856828899217058
0.9987187218625798,0.03556236377774423,0.03556236377774423
0.9984259329220109,-0.03596150336064391,-0.03596150336064391
0.9958144094419206,-0.07278129605098274,-0.07278129605098274
0.995740290145804,0.060600047397970765,0.060600047397970765
0.9988050976487809,0.0466642007703516,0.0466642007703516
0.9993558946490789,0.02467487599263019,0.02467487599263019
0.9999416788469618,-0.009570561079130898,-0.009570561079130898
0.9965796830071849,0.05417226336519504,0.05417226336519504
0.9992865710244058,-0.02162933143134067,-0.02162933143134067
0.999985782655942,-0.005053444119745875,-0.005053444119745875
0.9999926300886888,0.0031246551383346506,0.0031246551383346506
0.9998629002497812,-0.01254239813088436,-0.01254239813088436
0.9985002812180546,-0.04676749348403302,-0.04676749348403302
0.9998549030940246,-0.015809688145473545,-0.015809688145473545
0.9987115344965067,-0.04917904954637841,-0.04917904954637841
0.9997459836590448,0.010855370630197507,0.010855370630197507
0.9908870815352443,0.07384414273542145,0.07384414273542145
0.9996931321674507,0.01845454660333265,0.01845454660333265
0.998106257292116,-0.006060729906907829,-0.006060729906907829
0.9918475967034349,-0.06987676405639476,-0.06987676405639476
0.9999529527801501,0.006634595784521453,0.006634595784521453
0.999226419539343,-0.01642976934402408,-0.01642976934402408
0.999952647747916,0.00501335046364437,0.00501335046364437
0.9965777643469022,-0.05885696738588534,-0.05885696738588534
0.9950725807805212,0.07216677958448932,0.07216677958448932
0.9997714847895364,-0.010662523719671732,-0.010662523719671732
0.9998314387662497,0.011225543384292061,0.011225543384292061
0.9998515171043119,-0.01211826393652285,-0.01211826393652285
0.9950005543063755,0.0906768167712311,0.0906768167712311
0.9978000285460634,0.06480043518246566,0.06480043518246566
0.997873175267991,-0.0322742091871288,-0.0322742091871288
0.9950136184621479,0.056952401464273585,0.056952401464273585
0.9985526929245852,0.04324846265147579,0.04324846265147579
0.9986214003552162,0.038383442422119926,0.038383442422119926
0.9998890759610959,0.010584249363549259,0.010584249363549259
0.9997811076975461,-0.014460599365711941,-0.014460599365711941
0.998134417742514,-0.037502221879239406,-0.037502221879239406
0.9958146061223375,0.058241266939084914,0.058241266939084914
0.9999389782296405,7.763539719351836e-05,7.763539719351836e-05
0.986491930787922,-0.11049285576411247,-0.11049285576411247
0.9997988864306938,0.007669087395215818,0.007669087395215818
0.9731401331905447,-0.13827150021112694,-0.13827150021112694
0.9980088595752851,-0.0551887779076256,-0.0551887779076256
0.9999206795866309,-0.0074766867394221465,-0.0074766867394221465
0.999518473200898,-0.024666780987509147,-0.024666780987509147
0.9981070368264645,0.03456215218081715,0.03456215218081715
0.9983844699808353,-0.03679741164781749,-0.03679741164781749
0.9999449630355136,0.00659790824378335,0.00659790824378335
0.9872994287452946,0.11217820761872961,0.11217820761872961
0.9940529396415843,-0.08242652393837532,-0.08242652393837532
0.9904153691929262,-0.11734609948815328,-0.11734609948815328
0.9982430687594669,0.046700958776740485,0.046700958776740485
0.9999857501726859,-0.005318618716897163,-0.005318618716897163
0.9999818329484255,-0.0033308524918361352,-0.0033308524918361352
0.9992180805241719,-0.030025277866299983,-0.030025277866299983
0.9998006802042776,-0.012131522199748971,-0.012131522199748971
0.9987599730679694,0.04027563111592079,0.04027563111592079
0.9750943960198023,-0.1637784688584324,-0.1637784688584324
0.9997214819002957,0.013319396071717997,0.013319396071717997
0.9969301119641951,-0.05084026187149858,-0.05084026187149858
0.9997607417613993,0.013631727140644243,0.013631727140644243
0.9972877455620776,-0.05407545708747918,-0.05407545708747918
0.9986374861721189,-0.034636079725451706,-0.034636079725451706
0.9999210996000303,-0.01046446632806615,-0.01046446632806615
0.9759142209677066,-0.164171276442547,-0.164171276442547
0.9968829331938396,-0.05843381319777756,-0.05843381319777756
0.999783770028994,0.018013520229271128,0.018013520229271128
0.9931773425572087,0.11575315116855897,0.11575315116855897
0.9984029400311896,0.03909921636183934,0.03909921636183934
0.9953290401830512,-0.06592037753704805,-0.06592037753704805
0.9999671771410173,-0.002638117467192528,-0.002638117467192528
0.9973345994555336,0.046471859691400094,0.046471859691400094
0.9929890677603762,-0.08486595692611047,-0.08486595692611047
0.9951993164640983,0.07029572441058103,0.07029572441058103
0.9999657977444707,-0.004330838224661822,-0.004330838224661822
0.999978297921115,-0.0032146048103293607,-0.0032146048103293607
0.9994487073652311,0.014210908140689413,0.014210908140689413
0.9998090938320588,0.007885912820459768,0.007885912820459768
0.9954650725507114,-0.06680451101439777,-0.06680451101439777
0.9982629179608363,0.05886657951834588,0.05886657951834588
0.9977496521557789,0.04166349406567353,0.04166349406567353
0.9995103360364088,0.0297803424784281,0.0297803424784281
0.998549912938409,0.04757430481606677,0.04757430481606677
0.9989825184489001,-0.036993561541986804,-0.036993561541986804
0.9987105598195608,-0.0361278621785751,-0.0361278621785751
0.9998098253445911,-0.009192840232743518,-0.009192840232743518
0.995128605522957,-0.07652160289683207,-0.07652160289683207
0.9995581195211574,0.021763242982327312,0.021763242982327312
0.9997597866796684,-0.017488691316132395,-0.017488691316132395
0.999849029544022,-0.015904524309379067,-0.015904524309379067
0.9994332882812237,0.026570755229728522,0.026570755229728522
0.9992639320409284,-0.022881080868109367,-0.022881080868109367
0.9998359178627891,-0.013701172551116105,-0.013701172551116105
0.9930334777775361,0.08874661927627887,0.08874661927627887
0.99998113379709,0.0035441738808353815,0.0035441738808353815
0.9999948527851032,-0.0006625310228921363,-0.0006625310228921363
0.9999194834194203,-0.012689616004913534,-0.012689616004913534
0.9997788290707332,-0.015715557367437082,-0.015715557367437082
0.9996944898610166,-0.021096186571807174,-0.021096186571807174
0.991018049058461,-0.09494377218828651,-0.09494377218828651
0.9995579906345418,-0.01402759010961668,-0.01402759010961668
0.999421040959627,-0.024230203778810577,-0.024230203778810577
0.9997053827363214,-0.021853821341030054,-0.021853821341030054
0.9994272510379854,-0.027551645208953784,-0.027551645208953784
0.9991122643896725,0.03730942767688676,0.03730942767688676
0.9998598307319296,-0.008620824196740921,-0.008620824196740921
0.9998865297011903,0.012144498897220912,0.012144498897220912
0.9991331360429376,0.031644992721149796,0.031644992721149796
0.9998864110417139,-0.011469640245108988,-0.011469640245108988
0.9999345495066605,0.009800065237508905,0.009800065237508905
0.9958346487573191,-0.06657117584864725,-0.06657117584864725
0.9997287240850369,-0.01891087773074321,-0.01891087773074321
0.9996445710462475,0.013963050640478652,0.013963050640478652
0.9999869788224698,-0.002884134722123381,-0.002884134722123381
0.9998514088572158,0.006866960693941978,0.006866960693941978
0.9970657198200606,0.06331587020900609,0.06331587020900609
0.9972712923686187,-0.038993477646498416,-0.038993477646498416
0.9999745115774028,-0.0017353931346934894,-0.0017353931346934894
0.9993578036151304,0.032752569753224436,0.032752569753224436
0.9999866329530277,-0.003775156702899599,-0.003775156702899599
0.9998063911249381,0.013703011778945704,0.013703011778945704
0.9975981579798309,-0.04337594245764514,-0.04337594245764514
0.9998006551886829,-0.013862013226947944,-0.013862013226947944
0.9999663222548217,-0.0059664158151837956,-0.0059664158151837956
0.9977676799523436,0.04671182507437519,0.04671182507437519
0.9929151246621463,-0.07645366164288188,-0.07645366164288188
0.993856132319583,-0.09591148458146859,-0.09591148458146859
0.9999120231327617,-0.011158518835448477,-0.011158518835448477
0.9989189746243603,-0.036578149064019905,-0.036578149064019905
0.9999959165030817,0.002446955195114597,0.002446955195114597
0.9927492093842515,-0.08437728384907722,-0.08437728384907722
0.9922701062388003,0.08678975533283713,0.08678975533283713
0.9993181113857172,0.02652844813630707,0.02652844813630707
0.9997199431661026,-0.012642392580851687,-0.012642392580851687
0.9998166891940575,-0.014646245828789204,-0.014646245828789204
0.999714707175158,0.01536778375784862,0.01536778375784862
0.9971871952660855,0.052577407812635014,0.052577407812635014
0.9972958559727132,-0.0728252618391098,-0.0728252618391098
0.9951883726881596,0.03519426436482285,0.03519426436482285
0.9996601352076979,-0.020187736716827758,-0.020187736716827758
0.9850119420093547,-0.1277064122318527,-0.1277064122318527
0.9993512659543495,-0.029447246133172976,-0.029447246133172976
0.9934600237509831,0.08235462146178062,0.08235462146178062
0.9998804703063588,0.009723328158451668,0.009723328158451668
0.9999104863676219,0.01069961635325844,0.01069961635325844
0.9987589814183371,0.033103656716753825,0.033103656716753825
0.9990458949104031,-0.024587689359757275,-0.024587689359757275
0.9989132858768651,-0.031101984028959084,-0.031101984028959084
0.9995995922168183,0.023266363587960377,0.023266363587960377
0.99917000592178,-0.032683079339660165,-0.032683079339660165
0.9999689412439731,-0.0017049154011085494,-0.0017049154011085494
0.9999973078588765,-0.0011936158559607323,-0.0011936158559607323
0.9950503575697804,-0.07044020457492448,-0.07044020457492448
0.9996329206154337,-0.018788462364063535,-0.018788462364063535
0.9999255145469212,0.004209745971406453,0.004209745971406453
0.9999635756508614,-0.0035751938852067165,-0.0035751938852067165
0.9991584400304202,-0.024988807136154458,-0.024988807136154458
0.9992281276968802,0.03069120170871616,0.03069120170871616
0.9987933301590195,0.0319723413697467,0.0319723413697467
0.9981173804349425,0.04849052331894272,0.04849052331894272
0.9994779633992722,-0.024378065100508613,-0.024378065100508613
0.9999910977657459,-0.0010557727543236306,-0.0010557727543236306
0.9992091320780464,-0.029948396305234437,-0.029948396305234437
0.9994750982525771,-0.02631305147912313,-0.02631305147912313
0.9981694531515117,-0.037554552825912114,-0.037554552825912114
0.9865497370802956,-0.08660983590703851,-0.08660983590703851
0.9990687740874499,-0.040618583414825014,-0.040618583414825014
0.9999653482521806,-0.008011687020375195,-0.008011687020375195
0.9999553402913768,-0.0009062795916513994,-0.0009062795916513994
0.9958397706963583,0.07108081904727903,0.07108081904727903
0.9989731943693665,0.034353913786310294,0.034353913786310294
0.9907954299068955,-0.10217260132474672,-0.10217260132474672
0.9999963187650626,0.0026677014365775564,0.0026677014365775564
0.996644713685072,0.07256140794193888,0.07256140794193888
0.9995532701564954,-0.025771119263639765,-0.025771119263639765
0.9991517814924186,-0.010478144571279005,-0.010478144571279005
0.9905910029073236,0.0960565567409919,0.0960565567409919
0.99957763720379,-0.025823704973724628,-0.025823704973724628
0.9962454575037477,-0.06806006481107606,-0.06806006481107606
0.995432582135666,-0.06734407423281809,-0.06734407423281809
0.9915351078088395,0.08264082215290441,0.08264082215290441
0.9997130992677408,-0.017736390492833896,-0.017736390492833896
0.9991297118097294,-0.02584400394754288,-0.02584400394754288
0.9967444601538954,-0.05571005690713313,-0.05571005690713313
0.9995802058946673,-0.007092790153161218,-0.007092790153161218
0.9996679109001666,-0.022608652873643727,-0.022608652873643727
0.997834218681083,-0.04836768728231865,-0.04836768728231865
0.9999205824128155,0.010383009048887185,0.010383009048887185
0.9954608445116623,0.03803550921672148,0.03803550921672148
0.9998661599054548,0.005208379745131153,0.005208379745131153
0.9999188564236425,0.0037457952070329885,0.0037457952070329885
0.9987066458855577,-0.03262248647906948,-0.03262248647906948
0.9992885456976108,-0.02558527973922267,-0.02558527973922267
0.9986248172576017,-0.03851419774946918,-0.03851419774946918
0.9999965565631131,0.0018301102065424264,0.0018301102065424264
0.9990809362783626,-0.03806946900236671,-0.03806946900236671
0.99252117108886,-0.08227300473606293,-0.08227300473606293
0.9999817799312348,-0.0016314647939016274,-0.0016314647939016274
0.9999587637559961,0.0005039130021406737,0.0005039130021406737
0.9999948646474506,-9.649022443470122e-05,-9.649022443470122e-05
0.9999980738558699,-0.00020914020738625413,-0.00020914020738625413
0.9990841570136574,0.03178021948431675,0.03178021948431675
0.9988269827746575,-0.04132604732062823,-0.04132604732062823
0.9992276598398481,0.030814481790608143,0.030814481790608143
0.9993720525236018,-0.018910246189839327,-0.018910246189839327
0.9998713838099326,0.004427724690167363,0.004427724690167363
0.9987129048820906,0.03887031517757845,0.03887031517757845
0.9971662504545655,0.05677054339168262,0.05677054339168262
0.9994177303237114,0.025651600498661463,0.025651600498661463
0.9998605281004563,0.014151813240181525,0.014151813240181525
0.9991107025212865,0.02720427535208613,0.02720427535208613
0.9974229091011977,-0.05023775895919934,-0.05023775895919934
0.9949856496525038,-0.050301610672648045,-0.050301610672648045
0.9999620444128399,-0.004926342133310601,-0.004926342133310601
0.9992679486550222,0.02773880910783823,0.02773880910783823
0.9997319102244864,-0.020105040231678306,-0.020105040231678306
0.9971637535601079,-0.048403423281409064,-0.048403423281409064
0.9995642773158504,0.013352774498834444,0.013352774498834444
0.9991130158852143,0.028903739256721288,0.028903739256721288
0.9998685960705163,-0.0072456864142962435,-0.0072456864142962435
0.9921970148638213,-0.08640189013515548,-0.08640189013515548
0.9989458187888997,-0.033500478248118214,-0.033500478248118214
0.9999700946643567,0.005183885508244627,0.005183885508244627
0.9988022283662938,-0.03495587176653836,-0.03495587176653836
0.9997200130158583,-0.016457411591329876,-0.016457411591329876
0.9998532543550677,-0.012190713611951311,-0.012190713611951311
0.9999681873167423,-0.005147667887814085,-0.005147667887814085
0.9999074469730301,0.007092291849436921,0.007092291849436921
0.9998186450975468,0.011051428963267466,0.011051428963267466
0.9998058019304483,0.014766139110839297,0.014766139110839297
0.9983515097183558,-0.044498936465890655,-0.044498936465890655
0.9998038916072529,0.009859576474756115,0.009859576474756115
0.9989966451324035,0.03320361005796652,0.03320361005796652
0.999130260323774,0.03190643865405184,0.03190643865405184
0.9999903508547878,0.0023364101538975533,0.0023364101538975533
0.9992169945617618,-0.020393357225118754,-0.020393357225118754
0.9994196823947046,-0.021422756586150015,-0.021422756586150015
0.9992266084073096,-0.030610152367484145,-0.030610152367484145
0.9999450438872851,-0.005553148614122461,-0.005553148614122461
0.999960481878202,-0.007963179698066163,-0.007963179698066163
0.9996679838178879,-0.014315145307552573,-0.014315145307552573
0.9980763758701287,0.04513345246831779,0.04513345246831779
0.9999046477176861,0.00916644507225539,0.00916644507225539
0.9997605190464823,-0.01652444238864554,-0.01652444238864554
0.9990417629557017,-0.03558415653609087,-0.03558415653609087
0.9986833843561721,-0.034761369389608936,-0.034761369389608936
0.9999209840101837,-0.009838603878897236,-0.009838603878897236
0.9999935417813272,-0.003271779636002348,-0.003271779636002348
0.9991235245003489,0.019328569090547365,0.019328569090547365
0.9943700918905993,0.07942999758736827,0.07942999758736827
0.9975326664423368,0.04394472610426534,0.04394472610426534
0.9990808257002667,-0.02309671288909488,-0.02309671288909488
0.9974645667331257,-0.05045808025380838,-0.05045808025380838
0.9977228971000794,-0.047219603391718996,-0.047219603391718996
0.9996004045970114,-0.00019191078511606976,-0.00019191078511606976
0.9998526278740664,-0.005137506657999734,-0.005137506657999734
0.9958568829665292,0.06800361008936316,0.06800361008936316
0.9993056591073427,0.0063982943624356645,0.0063982943624356645
0.9976368414999922,-0.05281828461239466,-0.05281828461239466
0.9790609158006479,-0.1394195460636356,-0.1394195460636356
0.9940700214058832,-0.05414218254681357,-0.05414218254681357
0.992659171179394,0.08407716216528892,0.08407716216528892
0.999791328312069,-0.008509622499789093,-0.008509622499789093
0.9989241539227205,0.03347777455909664,0.03347777455909664
0.9981131139124442,0.0344978442554937,0.0344978442554937
0.9905480848085082,0.08833798912966483,0.08833798912966483
0.9946947396467917,0.056386685745776696,0.056386685745776696
0.9849126147192774,0.051109748496882886,0.051109748496882886
0.9999814435923657,-6.419008411712457e-05,-6.419008411712457e-05
0.9998300459017971,-0.015008336015702494,-0.015008336015702494
0.9972500413833655,-0.06621067143435035,-0.06621067143435035
0.9999350477296358,-0.011397267373229086,-0.011397267373229086
0.997803588168384,0.04303367440046259,0.04303367440046259
0.999730795389548,-0.011923289830335703,-0.011923289830335703
0.9966269434997154,0.057724738739662086,0.057724738739662086
0.9964020584743786,-0.05842691456267476,-0.05842691456267476
0.9928275159012926,-0.07226998390294691,-0.07226998390294691
0.9997423759866509,0.007446902522258498,0.007446902522258498
0.9966371577189718,0.0633240445173772,0.0633240445173772
0.9968328830011542,0.06101047918001558,0.06101047918001558
0.9921432369189266,-0.06350796458934446,-0.06350796458934446
0.9996934901232601,0.00975579734358289,0.00975579734358289
0.9982870860053258,0.03972253546029898,0.03972253546029898
0.9999713187823699,-0.00500879162756186,-0.00500879162756186
0.9974343351405274,-0.03504095960781128,-0.03504095960781128
0.9992013291387735,-0.017653878232210048,-0.017653878232210048
0.9998857139695561,0.011601604259349724,0.011601604259349724
0.9865792599807318,0.11996371341225275,0.11996371341225275
0.9995681648102799,0.02250960942786318,0.02250960942786318
0.9985382897177972,0.03720298319038915,0.03720298319038915
0.9892569765893102,-0.10850263598383296,-0.10850263598383296
0.990605953815208,0.09492171226890324,0.09492171226890324
0.999485317484665,-0.025149555807519975,-0.025149555807519975
0.9985611915297152,0.040786073402233586,0.040786073402233586
0.9968647343370339,-0.05571209439522366,-0.05571209439522366
0.9994214105860337,0.023299563455781276,0.023299563455781276
0.9982527077455308,0.038660323339580714,0.038660323339580714
0.9992706545865059,-0.028243120485240063,-0.028243120485240063
0.9942385195789545,0.0758227511492144,0.0758227511492144
1.0,0.0,0.0
1.0,0.0,0.0
1.0,0.0,0.0
1.0,0.0,0.0
1.0,0.0,0.0
1.0,0.0,0.0
1.0,0.0,0.0
1.0,0.0,0.0
1.0,0.0,0.0
1.0,0.0,0.0
1.0,0.0,0.0
1.0,0.0,0.0
1.0,0.0,0.0
1.0,0.0,0.0
1.0,0.0,0.0
1.0,0.0,0.0
1.0,0.0,0.0
1.0,0.0,0.0
1.0,0.0,0.0
1.0,0.0,0.0
1.0,0.0,0.0
1.0,0.0,0.0
1.0,0.0,0.0
1.0,0.0,0.0
1.0,0.0,0.0
1.0,0.0,0.0
1.0,0.0,0.0
1.0,0.0,0.0
1.0,0.0,0.0
1.0,0.0,0.0
1.0,0.0,0.0
1.0,0.0,0.0
1.0,0.0,0.0
1.0,0.0,0.0
1.0,0.0,0.0
1.0,0.0,0.0
1.0,0.0,0.0
1.0,0.0,0.0
1.0,0.0,0.0
1.0,0.0,0.0
1.0,0.0,0.0
1.0,0.0,0.0
1.0,0.0,0.0
1.0,0.0,0.0
1.0,0.0,0.0
1.0,0.0,0.0
1.0,0.0,0.0
1.0,0.0,0.0
1.0,0.0,0.0
1.0,0.0,0.0
1.0,0.0,0.0
1.0,0.0,0.0
1.0,0.0,0.0
1.0,0.0,0.0
1.0,0.0,0.0
1.0,0.0,0.0
1.0,0.0,0.0
1.0,0.0,0.0
1.0,0.0,0.0
1.0,0.0,0.0
1.0,0.0,0.0
1.0,0.0,0.0
1.0,0.0,0.0
1.0,0.0,0.0
1.0,0.0,0.0
1.0,0.0,0.0
1.0,0.0,0.0
1.0,0.0,0.0
1.0,0.0,0.0
1.0,0.0,0.0
1.0,0.0,0.0
1.0,0.0,0.0
1.0,0.0,0.0
1.0,0.0,0.0
1.0,0.0,0.0
1.0,0.0,0.0
1.0,0.0,0.0
1.0,0.0,0.0
1.0,0.0,0.0
1.0,0.0,0.0
1.0,0.0,0.0
1.0,0.0,0.0
1.0,0.0,0.0
1.0,0.0,0.0
1.0,0.0,0.0
1.0,0.0,0.0
1.0,0.0,0.0
1.0,0.0,0.0
1.0,0.0,0.0
1.0,0.0,0.0
1.0,0.0,0.0
1.0,0.0,0.0
1.0,0.0,0.0
1.0,0.0,0.0
1.0,0.0,0.0
1.0,0.0,0.0
1.0,0.0,0.0
1.0,0.0,0.0
1.0,0.0,0.0
1.0,0.0,0.0
1.0,0.0,0.0
1.0,0.0,0.0
1.0,0.0,0.0
1.0,0.0,0.0
1.0,0.0,0.0
1.0,0.0,0.0
1.0,0.0,0.0
1.0,0.0,0.0
1.0,0.0,0.0
1.0,0.0,0.0
1.0,0.0,0.0
1.0,0.0,0.0
1.0,0.0,0.0
1.0,0.0,0.0
1.0,0.0,0.0
1.0,0.0,0.0
1.0,0.0,0.0
1.0,0.0,0.0
1.0,0.0,0.0
1.0,0.0,0.0
1.0,0.0,0.0
1.0,0.0,0.0
1.0,0.0,0.0
1.0,0.0,0.0
1.0,0.0,0.0
1.0,0.0,0.0
1.0,0.0,0.0
1.0,0.0,0.0
1.0,0.0,0.0
1.0,0.0,0.0
1.0,0.0,0.0
1.0,0.0,0.0
1.0,0.0,0.0
1.0,0.0,0.0
1.0,0.0,0.0
1.0,0.0,0.0
1.0,0.0,0.0
1.0,0.0,0.0
1.0,0.0,0.0
1.0,0.0,0.0
1.0,0.0,0.0
1.0,0.0,0.0
1.0,0.0,0.0
1.0,0.0,0.0
1.0,0.0,0.0
1.0,0.0,0.0
1.0,0.0,0.0
1.0,0.0,0.0
1.0,0.0,0.0
1.0,0.0,0.0
1.0,0.0,0.0
1.0,0.0,0.0
1.0,0.0,0.0
1.0,0.0,0.0
1.0,0.0,0.0
1.0,0.0,0.0
1.0,0.0,0.0
1.0,0.0,0.0
1.0,0.0,0.0
1.0,0.0,0.0
1.0,0.0,0.0
1.0,0.0,0.0
1.0,0.0,0.0
1.0,0.0,0.0
1.0,0.0,0.0
1.0,0.0,0.0
1.0,0.0,0.0
1.0,0.0,0.0
1.0,0.0,0.0
1.0,0.0,0.0
1.0,0.0,0.0
1.0,0.0,0.0
1.0,0.0,0.0
1.0,0.0,0.0
1.0,0.0,0.0
1.0,0.0,0.0
1.0,0.0,0.0
1.0,0.0,0.0
1.0,0.0,0.0
1.0,0.0,0.0
1.0,0.0,0.0
1.0,0.0,0.0
1.0,0.0,0.0
1.0,0.0,0.0
1.0,0.0,0.0
1.0,0.0,0.0
1.0,0.0,0.0
1.0,0.0,0.0
1.0,0.0,0.0
1.0,0.0,0.0
1.0,0.0,0.0
1.0,0.0,0.0
1.0,0.0,0.0
1.0,0.0,0.0
1.0,0.0,0.0
1.0,0.0,0.0
1.0,0.0,0.0
1.0,0.0,0.0
1.0,0.0,0.0
1.0,0.0,0.0
1.0,0.0,0.0
1.0,0.0,0.0
1.0,0.0,0.0
1.0,0.0,0.0
1.0,0.0,0.0
1.0,0.0,0.0
1.0,0.0,0.0
1.0,0.0,0.0
1.0,0.0,0.0
1.0,0.0,0.0
1.0,0.0,0.0
1.0,0.0,0.0
1.0,0.0,0.0
1.0,0.0,0.0
1.0,0.0,0.0
1.0,0.0,0.0
1.0,0.0,0.0
1.0,0.0,0.0
1.0,0.0,0.0
1.0,0.0,0.0
1.0,0.0,0.0
1.0,0.0,0.0
1.0,0.0,0.0
1.0,0.0,0.0
1.0,0.0,0.0
1.0,0.0,0.0
1.0,0.0,0.0
1.0,0.0,0.0
1.0,0.0,0.0
1.0,0.0,0.0
1.0,0.0,0.0
1.0,0.0,0.0
1.0,0.0,0.0
1.0,0.0,0.0
1.0,0.0,0.0
1.0,0.0,0.0
1.0,0.0,0.0
1.0,0.0,0.0
1.0,0.0,0.0
1.0,0.0,0.0
1.0,0.0,0.0
1.0,0.0,0.0
1.0,0.0,0.0
1.0,0.0,0.0
1.0,0.0,0.0
1.0,0.0,0.0
1.0,0.0,0.0
1.0,0.0,0.0
1.0,0.0,0.0
1.0,0.0,0.0
1.0,0.0,0.0
1.0,0.0,0.0
1.0,0.0,0.0
1.0,0.0,0.0
1.0,0.0,0.0
1.0,0.0,0.0
1.0,0.0,0.0
1.0,0.0,0.0
