351
1082
1078
1373
902
770
1019
1177
1290
1181
1051
819
1192
1119
510
1203
622
533
623
678
1044
761
1032
1042
1374
938
952
1026
1097
1209
1167
752
800
1247
1159
649
922
862
404
837
402
1098
1153
1094
582
737
640
948
518
1068
467
441
291
881
604
440
615
755
524
567
1056
1089
597
871
826
563
405
446
295
321
448
536
432
483
835
353
540
569
283
529
520
298
830
708
466
636
369
401
585
951
895
284
442
395
365
296
455
381
789
977
1132
940
1024
634
930
721
584
421
458
635
311
530
447
620
264
263
612
1130
718
766
1385
1171
503
729
734
1186
728
1143
549
684
1207
1105
268
1384
1392
514
698
1361
575
1393
580
999
836
954
840
1362
703
979
814
1006
1267
583
1035
594
671
1162
856
978
1151
919
1093
501
798
633
1095
1227
1116
1256
757
775
1111
1277
1305
1170
1358
949
609
987
1314
1109
570
884
1365
463
644
650
387
657
1291
1014
1357
822
1199
945
1268
1138
1057
1039
1234
841
973
764
534
484
1265
1216
1011
1366
1121
953
506
303
561
