171
220
165
218
119
240
236
173
212
170
208
103
232
231
88
227
159
199
229
166
205
168
206
226
161
202
78
224
123
215
9
136
211
102
126
196
99
135
197
163
183
203
23
113
114
162
234
87
213
237
198
100
101
73
54
194
98
195
191
50
188
143
70
247
248
47
144
132
120
72
44
80
107
91
25
134
52
2
158
121
6
12
56
85
61
42
185
58
86
46
125
160
35
142
17
28
34
31
110
96
75
77
22
59
65
29
19
7
0
3
8
200
21
108
93
141
176
30
63
67
181
55
60
151
51
115
139
13
79
66
116
137
27
245
190
184
18
140
204
76
174
32
149
133
131
92
111
246
26
1
4
11
145
10
71
89
15
53
105
57
97
83
5
138
164
104
153
16
90
37
81
39
45
82
118
48
130
38
62
155
20
242
14
74
36
147
64
122
156
41
33
175
95
24
43
84
169
187
150
154
207
146
217
238
214
152
244
177
148
129
112
192
68
94
178
49
69
109
106
167
180
40
172
216
241
128
124
235
193
228
189
210
117
209
221
157
222
233
243
186
223
179
219
127
239
230
201
182
225
1269
1280
1339
1264
1342
1013
1348
1271
1344
1235
1338
1220
1335
1312
1343
1208
1337
1333
416
706
935
1003
1204
1300
1318
1331
1071
1326
1140
1309
732
1283
1293
658
1020
1274
907
915
1048
1183
1341
1249
522
1194
916
1222
1201
683
1213
1197
282
1294
1330
1127
1262
1212
997
1041
868
1108
616
368
553
587
614
815
385
1016
1002
702
705
1147
725
1270
568
1072
504
297
391
917
842
878
572
661
548
502
628
989
674
526
532
515
779
1303
1299
564
476
1279
360
469
281
1311
328
1088
782
688
630
701
1163
983
1240
1261
990
261
254
1179
974
638
347
914
519
343
1122
760
428
1185
1211
946
1107
804
509
511
333
324
875
958
409
969
1390
1383
1391
363
302
269
445
926
1066
921
1248
624
925
1040
874
641
1079
846
377
383
758
487
591
1180
617
1190
1110
452
1292
355
955
394
414
1102
759
1285
1375
1115
689
1320
855
1250
1376
259
479
1104
1321
1319
1369
290
481
288
307
854
276
413
852
1028
1022
253
389
864
857
1117
1297
883
449
407
1371
872
1083
1073
273
507
592
352
776
1184
1076
1370
790
961
1238
1189
1334
1090
1332
1062
796
1315
1224
1165
1241
735
1196
801
1202
271
1168
1295
1160
1347
1210
314
505
742
932
1134
1136
1187
1278
1324
1323
1327
695
1243
1245
408
1120
1154
1242
1317
1372
1164
1206
1329
1200
1328
1301
1351
1273
1345
1349
1296
1346
1126
1336
1188
1230
1340
1226
1350
1352
1640
1552
1622
1636
1571
1635
1595
1647
1648
1561
1633
1553
1568
1624
1602
1623
1604
1639
1594
1620
1599
1649
1626
1556
1554
1596
1469
1566
1585
1548
1573
1478
1592
1444
1482
1550
1455
1505
1532
1562
1433
1545
1540
1593
1625
1547
1621
1629
1600
1537
1610
1589
1587
1508
1590
1652
1658
1513
1519
1555
1606
1456
1510
1427
1521
1615
1538
1434
1476
1435
1459
1463
1495
1441
1654
1457
1517
1423
1421
1659
1503
1465
1516
1443
1446
1653
1442
1454
1470
1458
1569
1466
1536
1572
1431
1460
1483
1575
1655
1541
1432
1471
1424
1451
1500
1656
1657
1475
1544
1558
1464
1535
1502
1439
1438
1404
1549
1498
1598
1601
1614
1425
1436
1422
1588
1405
1574
1531
1484
1514
1515
1467
1408
1412
1539
1450
1490
1437
1570
1499
1527
1411
1546
1631
1474
1487
1551
1507
1426
1420
1414
1418
1406
1417
1480
1473
1452
1462
1481
1491
1415
1410
1409
1533
1419
1416
1428
1542
1413
1477
1597
1430
1453
1492
1524
1485
1479
1447
1489
1522
1526
1501
1445
1472
1486
1429
1529
1440
1530
1523
1504
1407
1660
1661
1525
1461
1560
1607
1603
1448
1605
1509
1608
1449
1468
1512
1511
1609
1645
1628
1650
1493
1565
1567
1528
1576
1506
1557
1563
1496
1497
1580
1518
1559
1611
1564
1591
1630
1534
1617
1641
1488
1637
1578
1613
1638
1579
1616
1583
1618
1577
1612
1494
1642
1643
1520
1644
1584
1619
1586
1627
1646
1543
1651
1581
1634
1582
1632
