1.0,0.0,0.0
1.0,0.0,0.0
1.0,0.0,0.0
1.0,0.0,0.0
1.0,0.0,0.0
1.0,0.0,0.0
1.0,0.0,0.0
1.0,0.0,0.0
1.0,0.0,0.0
1.0,0.0,0.0
1.0,0.0,0.0
1.0,0.0,0.0
1.0,0.0,0.0
1.0,0.0,0.0
1.0,0.0,0.0
1.0,0.0,0.0
1.0,0.0,0.0
1.0,0.0,0.0
1.0,0.0,0.0
1.0,0.0,0.0
1.0,0.0,0.0
1.0,0.0,0.0
1.0,0.0,0.0
1.0,0.0,0.0
1.0,0.0,0.0
1.0,0.0,0.0
1.0,0.0,0.0
1.0,0.0,0.0
1.0,0.0,0.0
1.0,0.0,0.0
1.0,0.0,0.0
1.0,0.0,0.0
1.0,0.0,0.0
1.0,0.0,0.0
1.0,0.0,0.0
1.0,0.0,0.0
1.0,0.0,0.0
1.0,0.0,0.0
1.0,0.0,0.0
1.0,0.0,0.0
1.0,0.0,0.0
1.0,0.0,0.0
1.0,0.0,0.0
1.0,0.0,0.0
1.0,0.0,0.0
1.0,0.0,0.0
1.0,0.0,0.0
1.0,0.0,0.0
1.0,0.0,0.0
1.0,0.0,0.0
1.0,0.0,0.0
1.0,0.0,0.0
1.0,0.0,0.0
1.0,0.0,0.0
1.0,0.0,0.0
1.0,0.0,0.0
1.0,0.0,0.0
1.0,0.0,0.0
1.0,0.0,0.0
1.0,0.0,0.0
1.0,0.0,0.0
1.0,0.0,0.0
1.0,0.0,0.0
1.0,0.0,0.0
1.0,0.0,0.0
1.0,0.0,0.0
1.0,0.0,0.0
1.0,0.0,0.0
1.0,0.0,0.0
1.0,0.0,0.0
1.0,0.0,0.0
1.0,0.0,0.0
1.0,0.0,0.0
1.0,0.0,0.0
1.0,0.0,0.0
1.0,0.0,0.0
1.0,0.0,0.0
1.0,0.0,0.0
1.0,0.0,0.0
1.0,0.0,0.0
1.0,0.0,0.0
1.0,0.0,0.0
1.0,0.0,0.0
1.0,0.0,0.0
1.0,0.0,0.0
1.0,0.0,0.0
1.0,0.0,0.0
1.0,0.0,0.0
1.0,0.0,0.0
1.0,0.0,0.0
1.0,0.0,0.0
1.0,0.0,0.0
1.0,0.0,0.0
1.0,0.0,0.0
1.0,0.0,0.0
1.0,0.0,0.0
1.0,0.0,0.0
1.0,0.0,0.0
1.0,0.0,0.0
1.0,0.0,0.0
1.0,0.0,0.0
1.0,0.0,0.0
1.0,0.0,0.0
1.0,0.0,0.0
1.0,0.0,0.0
1.0,0.0,0.0
1.0,0.0,0.0
1.0,0.0,0.0
1.0,0.0,0.0
1.0,0.0,0.0
1.0,0.0,0.0
1.0,0.0,0.0
1.0,0.0,0.0
1.0,0.0,0.0
1.0,0.0,0.0
1.0,0.0,0.0
1.0,0.0,0.0
1.0,0.0,0.0
1.0,0.0,0.0
1.0,0.0,0.0
1.0,0.0,0.0
1.0,0.0,0.0
1.0,0.0,0.0
1.0,0.0,0.0
1.0,0.0,0.0
1.0,0.0,0.0
1.0,0.0,0.0
1.0,0.0,0.0
1.0,0.0,0.0
1.0,0.0,0.0
1.0,0.0,0.0
1.0,0.0,0.0
1.0,0.0,0.0
1.0,0.0,0.0
1.0,0.0,0.0
1.0,0.0,0.0
1.0,0.0,0.0
1.0,0.0,0.0
1.0,0.0,0.0
1.0,0.0,0.0
1.0,0.0,0.0
1.0,0.0,0.0
1.0,0.0,0.0
1.0,0.0,0.0
1.0,0.0,0.0
1.0,0.0,0.0
1.0,0.0,0.0
1.0,0.0,0.0
1.0,0.0,0.0
1.0,0.0,0.0
1.0,0.0,0.0
1.0,0.0,0.0
1.0,0.0,0.0
1.0,0.0,0.0
1.0,0.0,0.0
1.0,0.0,0.0
1.0,0.0,0.0
1.0,0.0,0.0
1.0,0.0,0.0
1.0,0.0,0.0
1.0,0.0,0.0
1.0,0.0,0.0
1.0,0.0,0.0
1.0,0.0,0.0
1.0,0.0,0.0
1.0,0.0,0.0
1.0,0.0,0.0
1.0,0.0,0.0
1.0,0.0,0.0
1.0,0.0,0.0
1.0,0.0,0.0
1.0,0.0,0.0
1.0,0.0,0.0
1.0,0.0,0.0
1.0,0.0,0.0
1.0,0.0,0.0
1.0,0.0,0.0
1.0,0.0,0.0
1.0,0.0,0.0
1.0,0.0,0.0
1.0,0.0,0.0
1.0,0.0,0.0
1.0,0.0,0.0
1.0,0.0,0.0
1.0,0.0,0.0
1.0,0.0,0.0
1.0,0.0,0.0
1.0,0.0,0.0
1.0,0.0,0.0
1.0,0.0,0.0
1.0,0.0,0.0
1.0,0.0,0.0
1.0,0.0,0.0
1.0,0.0,0.0
1.0,0.0,0.0
1.0,0.0,0.0
1.0,0.0,0.0
1.0,0.0,0.0
1.0,0.0,0.0
1.0,0.0,0.0
1.0,0.0,0.0
1.0,0.0,0.0
1.0,0.0,0.0
1.0,0.0,0.0
1.0,0.0,0.0
1.0,0.0,0.0
1.0,0.0,0.0
1.0,0.0,0.0
1.0,0.0,0.0
1.0,0.0,0.0
1.0,0.0,0.0
1.0,0.0,0.0
1.0,0.0,0.0
1.0,0.0,0.0
1.0,0.0,0.0
1.0,0.0,0.0
1.0,0.0,0.0
1.0,0.0,0.0
1.0,0.0,0.0
1.0,0.0,0.0
1.0,0.0,0.0
1.0,0.0,0.0
1.0,0.0,0.0
1.0,0.0,0.0
1.0,0.0,0.0
1.0,0.0,0.0
1.0,0.0,0.0
1.0,0.0,0.0
1.0,0.0,0.0
1.0,0.0,0.0
1.0,0.0,0.0
1.0,0.0,0.0
1.0,0.0,0.0
1.0,0.0,0.0
1.0,0.0,0.0
1.0,0.0,0.0
1.0,0.0,0.0
1.0,0.0,0.0
1.0,0.0,0.0
1.0,0.0,0.0
1.0,0.0,0.0
1.0,0.0,0.0
1.0,0.0,0.0
1.0,0.0,0.0
1.0,0.0,0.0
1.0,0.0,0.0
1.0,0.0,0.0
1.0,0.0,0.0
1.0,0.0,0.0
0.9376586663038817,0.1596453226761455,0.1596453226761455
0.9362796899763215,0.29161888765490196,0.29161888765490196
0.9868317920068311,-0.09955765721050837,-0.09955765721050837
0.9215228309672541,0.08744705880195285,0.08744705880195285
0.891599320440094,-0.2387301299937307,-0.2387301299937307
-0.3731021837442411,0.6145618222816656,0.6145618222816656
0.7760398382764544,-0.3589140947146584,-0.3589140947146584
0.8465324298725418,0.3293335133687111,0.3293335133687111
0.5107950223545182,0.6380538816788371,0.6380538816788371
0.8917116584727383,0.2665237875748467,0.2665237875748467
0.9906236385427525,-0.12888873699357134,-0.12888873699357134
0.9928357536897241,0.0040877449207829845,0.0040877449207829845
0.9850902120863666,0.1506534252224096,0.1506534252224096
0.8430281375447664,-0.29482859608136014,-0.29482859608136014
0.9266159890481034,0.26400007194692865,0.26400007194692865
0.33203991983915065,-0.6974804392411756,-0.6974804392411756
0.9709460999440974,0.12453598097529181,0.12453598097529181
0.973167147059478,-0.11058450318270219,-0.11058450318270219
0.9960577644678381,-0.08518743042640367,-0.08518743042640367
0.0007799040357887946,0.043253650936024075,0.043253650936024075
0.9329382254822415,0.06496396256221972,0.06496396256221972
0.9797339527381924,-0.13583578827278614,-0.13583578827278614
0.5017595062591563,-0.5567642533591217,-0.5567642533591217
0.9287623932312247,0.19450221657261646,0.19450221657261646
0.626479968566685,0.5318645538928689,0.5318645538928689
0.317842086369237,0.47689195093425407,0.47689195093425407
0.8029013894769076,-0.2811102599416249,-0.2811102599416249
0.5323372732726376,-0.6238457628483578,-0.6238457628483578
0.9547240175483961,-0.23015544691524367,-0.23015544691524367
0.676939882890693,0.1436077890991197,0.1436077890991197
0.9560558700201269,-0.05697599273803023,-0.05697599273803023
0.9861934731357119,-0.042353699712213394,-0.042353699712213394
0.953821049396402,-0.0896936617915397,-0.0896936617915397
0.9568765078335072,0.20039073775734073,0.20039073775734073
0.965086255973172,0.051333437112081784,0.051333437112081784
0.8876631193519019,-0.24152481878994977,-0.24152481878994977
0.980964718755914,0.10771371567481662,0.10771371567481662
0.8799543633680548,-0.03250991067682889,-0.03250991067682889
0.7681576831482716,-0.4220421300429959,-0.4220421300429959
0.6771098066546049,0.43065545700749414,0.43065545700749414
0.975656791111275,0.18183815647155646,0.18183815647155646
0.986577989064686,0.13373190595748213,0.13373190595748213
-0.006444612113544354,-0.7713068377963426,-0.7713068377963426
0.9869752198307014,-0.1607555003938367,-0.1607555003938367
0.9978465739040819,0.04770486921986267,0.04770486921986267
0.8549337722470469,-0.3744636556445525,-0.3744636556445525
0.774056511019335,-0.32595243335204677,-0.32595243335204677
0.9958940758944279,-0.03916966434343346,-0.03916966434343346
0.8417915025568894,-0.49827615547494336,-0.49827615547494336
0.779590191247089,-0.4256331140841838,-0.4256331140841838
0.8533278810352343,-0.3333866478653033,-0.3333866478653033
0.9981821475540688,-0.017139296898164826,-0.017139296898164826
0.724290356882102,-0.5653621626037287,-0.5653621626037287
0.9867215899625533,0.1203546971683999,0.1203546971683999
0.45638230339761693,0.8612582920092451,0.8612582920092451
0.6775911618099758,-0.38303855200584114,-0.38303855200584114
0.9018030344466147,-0.36692460455132897,-0.36692460455132897
0.2645983318376073,-0.9603499431314542,-0.9603499431314542
0.9956513573334821,0.06704699990657201,0.06704699990657201
0.997020234023353,0.0747347702171928,0.0747347702171928
0.9419816980203946,-0.1854618630354551,-0.1854618630354551
0.9144213723668138,0.31514459899228847,0.31514459899228847
0.9782821051376029,-0.18715293437803587,-0.18715293437803587
0.7987433949851552,-0.43203704568301393,-0.43203704568301393
0.7184167482420797,-0.48866298112630074,-0.48866298112630074
0.9505212532884797,0.23155227739858558,0.23155227739858558
0.9803848741664005,0.1614945303034594,0.1614945303034594
0.9380394860817844,0.09595198771600817,0.09595198771600817
0.8652170068982659,0.14578610225383484,0.14578610225383484
0.9650021685048298,0.16049617620502396,0.16049617620502396
0.8866785846414104,-0.28421385431522883,-0.28421385431522883
0.7920802969122259,-0.43806436572239926,-0.43806436572239926
0.8535332396255534,-0.277657747393245,-0.277657747393245
0.9434825855019252,0.32822558741474234,0.32822558741474234
0.44279353551390616,0.659449686683592,0.659449686683592
0.4032688720243636,-0.5871308719707391,-0.5871308719707391
0.9873206133132895,-0.12083027975141265,-0.12083027975141265
0.9709113142021452,0.23705973607186986,0.23705973607186986
0.8438425005473967,0.3438884442017061,0.3438884442017061
0.8998585887840952,0.36084340746727855,0.36084340746727855
0.8568600915465322,0.3260102568803905,0.3260102568803905
0.995180928003387,-0.050337337823562,-0.050337337823562
0.6946181777473873,0.47489024519582856,0.47489024519582856
0.9837537186365565,0.17891055206047568,0.17891055206047568
0.9965759336863467,-0.08267782663447898,-0.08267782663447898
0.9214638749711402,-0.3406784289258686,-0.3406784289258686
0.9837972267712173,-0.17916898603380074,-0.17916898603380074
0.9996334618959949,0.006156497934496575,0.006156497934496575
0.8771671720484081,0.3385694100454107,0.3385694100454107
0.9878323894269662,0.09872663608662385,0.09872663608662385
0.7061859178358961,-0.4878154774196147,-0.4878154774196147
0.7535627084306045,0.5239515604208582,0.5239515604208582
0.48292846243309206,0.5202195789827364,0.5202195789827364
0.8878635008301067,0.34161386747568645,0.34161386747568645
0.9979690215331571,-0.04895794616540627,-0.04895794616540627
0.9299849552064146,-0.08899785639147728,-0.08899785639147728
0.9960816580760294,0.03664148016031495,0.03664148016031495
0.9947276343643217,0.07661073791728928,0.07661073791728928
0.9304705409236471,0.1816651898704197,0.1816651898704197
0.9670322440564916,-0.21229552026867235,-0.21229552026867235
0.8427865400412293,-0.40041253460613063,-0.40041253460613063
0.7536958059425353,0.5030693349819533,0.5030693349819533
0.984301994850638,-0.045428119009560876,-0.045428119009560876
0.8032708851579896,0.4403159351374587,0.4403159351374587
0.8418608188610529,-0.35984575973796434,-0.35984575973796434
0.9944549300322428,-0.10340423154070627,-0.10340423154070627
0.8886868763872435,0.3026748833066508,0.3026748833066508
0.8632837924711314,-0.263763094876776,-0.263763094876776
0.8489750083552778,-0.3135427639849472,-0.3135427639849472
0.9914415167965637,0.07590653196140386,0.07590653196140386
0.8677654668170344,-0.30006796711600386,-0.30006796711600386
0.38211981977491605,0.8776401845638189,0.8776401845638189
0.5106972111143412,0.6149225468898566,0.6149225468898566
0.7673187616494598,-0.33019161443612377,-0.33019161443612377
0.9268874010451926,0.2652643508987101,0.2652643508987101
0.9988505660657327,0.04405906169686256,0.04405906169686256
0.9544899047476947,0.057293008762482764,0.057293008762482764
0.8392086430019957,-0.2579738358141605,-0.2579738358141605
0.9940706823975773,-0.09704734362659403,-0.09704734362659403
-0.7649980080412943,-0.16610276382864425,-0.16610276382864425
0.9916945500446813,-0.0004581860266207329,-0.0004581860266207329
0.6536569224735733,-0.47970333234018653,-0.47970333234018653
0.8993449739865623,-0.2144853993281532,-0.2144853993281532
0.7610735098318354,0.41149286386777384,0.41149286386777384
0.999742216123294,0.022529286351414345,0.022529286351414345
0.9581735840362771,-0.2761212520727629,-0.2761212520727629
0.9159543778841209,-0.3908490788305671,-0.3908490788305671
0.9573710036404737,0.24002280204071727,0.24002280204071727
0.9897190533255955,-0.09211066855134245,-0.09211066855134245
0.7927702614332611,0.4240477013255013,0.4240477013255013
0.9406570139766137,-0.24763258865537846,-0.24763258865537846
0.6584553095306904,-0.3857120609790962,-0.3857120609790962
0.4357486305917125,0.5543911639729255,0.5543911639729255
0.8556230198533719,0.3727016148436813,0.3727016148436813
0.7169487821704846,-0.5137604496334773,-0.5137604496334773
0.9842552518032636,-0.11402491128856099,-0.11402491128856099
0.8154334582172605,-0.37488525187474087,-0.37488525187474087
0.9989334341238802,0.04617317231840833,0.04617317231840833
0.8115768378052498,-0.37160390906347623,-0.37160390906347623
0.9447297025182249,0.18897702839992905,0.18897702839992905
0.9649091769473687,-0.035011860195475177,-0.035011860195475177
0.9790562478957434,0.18112343645571438,0.18112343645571438
0.8838110924804017,-0.18030246101796432,-0.18030246101796432
0.9033965604122748,-0.2903158808139922,-0.2903158808139922
0.858565757721565,0.36911127231244184,0.36911127231244184
0.4829976288374067,-0.8040590509097977,-0.8040590509097977
0.8916097884780779,-0.29436672238693945,-0.29436672238693945
0.9936928770692486,-0.11212897632163485,-0.11212897632163485
0.9309287311108582,-0.32258817753452657,-0.32258817753452657
0.8451689916017366,-0.38415245974782686,-0.38415245974782686
0.7627669889134312,-0.4354688992637205,-0.4354688992637205
0.9815668097938071,0.170144620061932,0.170144620061932
0.7123320068835272,-0.417373160393485,-0.417373160393485
0.9705741503628529,0.21010690166939427,0.21010690166939427
0.8924731829570961,0.33264860632395243,0.33264860632395243
0.9955153717962827,-0.0397469032275599,-0.0397469032275599
0.949679147740346,-0.26254876260162097,-0.26254876260162097
0.7743268809747477,0.49763463409088865,0.49763463409088865
0.84423231851877,-0.35378261664689553,-0.35378261664689553
-0.8860037668653143,0.195660272072063,0.195660272072063
0.9945102195834827,0.06751764057292291,0.06751764057292291
0.9980456415073079,0.056467642583185075,0.056467642583185075
0.9506213812688685,-0.2323196460238855,-0.2323196460238855
0.8932507350161534,0.05531269063274707,0.05531269063274707
0.964125190147162,-0.10410448658249948,-0.10410448658249948
0.9990792706317608,0.03976280267888204,0.03976280267888204
0.9133477413140544,-0.09863305083109951,-0.09863305083109951
0.954139351291517,-0.14469009272176245,-0.14469009272176245
0.9480550840867229,0.10118966990382468,0.10118966990382468
0.9881780094814524,0.09336820049393128,0.09336820049393128
0.9532229810107947,0.18365089086703956,0.18365089086703956
0.7870197014289254,0.5982648192641005,0.5982648192641005
0.9997959540023578,-0.008932652486450053,-0.008932652486450053
0.8955595583957008,-0.42386044632127545,-0.42386044632127545
0.9723520548754465,-0.23236903032784414,-0.23236903032784414
0.9462915779401647,0.19041259024830096,0.19041259024830096
0.9225513103041771,-0.12199147813295354,-0.12199147813295354
0.9607468453239111,0.2511011966308942,0.2511011966308942
0.8973218596886446,-0.0327037260093943,-0.0327037260093943
0.8180210042744718,-0.3586161018903867,-0.3586161018903867
0.8587147209488835,-0.445813197360323,-0.445813197360323
0.9977409712668269,0.0284220439771734,0.0284220439771734
0.6048438175255305,0.19316075763696774,0.19316075763696774
0.9917436531387828,0.11565135491065483,0.11565135491065483
0.8946218317241567,-0.2970838825684734,-0.2970838825684734
0.9941777240179122,-0.05393058944176732,-0.05393058944176732
0.6548490228513353,0.48878813340494787,0.48878813340494787
0.8206304979028161,-0.3503195218559118,-0.3503195218559118
0.9547744328658582,-0.10435659047450305,-0.10435659047450305
0.9767279444997152,0.16134975874595,0.16134975874595
0.9900380301960504,-0.01680729199680651,-0.01680729199680651
0.9703103391532041,-0.16630838486577157,-0.16630838486577157
0.9269229881724123,0.13652474089258695,0.13652474089258695
0.9435893441657281,0.28423062998696447,0.28423062998696447
0.954241963061903,-0.17774608764376298,-0.17774608764376298
0.9859810472964851,0.16292134585603824,0.16292134585603824
0.8243525045628599,-0.29087008554169064,-0.29087008554169064
0.8865898601766937,-0.22618160208174723,-0.22618160208174723
0.8892481938085477,0.3521557829817963,0.3521557829817963
0.7667547903723422,0.46398425895256085,0.46398425895256085
0.9906704561638977,0.10244490053364905,0.10244490053364905
0.9206095636263562,-0.2415213991616336,-0.2415213991616336
0.9606037055785389,-0.13876560055840065,-0.13876560055840065
0.9973827376583255,0.06692949238301961,0.06692949238301961
0.888331870669841,0.3041181174353107,0.3041181174353107
0.9539867026837329,0.21465380259302813,0.21465380259302813
0.8057264992123401,-0.37342819720128745,-0.37342819720128745
0.9548102064670559,0.03514407315755651,0.03514407315755651
0.8603968534894779,-0.08675699327001916,-0.08675699327001916
0.9522502628941684,-0.18159714205799352,-0.18159714205799352
0.9954411234510806,-0.09348387362829282,-0.09348387362829282
0.918516649836105,-0.33657493873935385,-0.33657493873935385
0.8760497103437831,-0.36334172054305147,-0.36334172054305147
0.9892576828697667,0.10295257529073672,0.10295257529073672
0.6816958133045754,0.5226559404051908,0.5226559404051908
0.9546553114622627,0.23197893090430777,0.23197893090430777
0.4486524501560092,-0.4733523347732446,-0.4733523347732446
0.9905239179733889,-0.051423834278723476,-0.051423834278723476
0.8292558334184077,0.3173447554918131,0.3173447554918131
0.983444022548701,-0.06880474278616694,-0.06880474278616694
0.9906847953954824,-0.10895498135994251,-0.10895498135994251
0.959142943536071,0.1897397358224111,0.1897397358224111
0.4166001836049978,0.6882940749890372,0.6882940749890372
0.9841361537975389,-0.1275309617185085,-0.1275309617185085
0.9997034494493493,0.009623883710282766,0.009623883710282766
0.508584309250455,-0.6044303104173679,-0.6044303104173679
0.9696148890197813,-0.12827565076115713,-0.12827565076115713
-0.33748427443984336,-0.2666321215807027,-0.2666321215807027
0.8935560147802942,0.42892004065461625,0.42892004065461625
0.9935594958165049,-0.11301780157550216,-0.11301780157550216
0.7860696428279651,-0.36913377144174925,-0.36913377144174925
0.9672146325166265,0.14439801274227054,0.14439801274227054
0.8492859227243955,0.2810907548554043,0.2810907548554043
0.9904579146498824,-0.06285695228947745,-0.06285695228947745
0.98610555017953,-0.11764358426457446,-0.11764358426457446
0.9945245195753147,0.06356528845445636,0.06356528845445636
0.9983317271196215,0.041198160705333574,0.041198160705333574
0.9985474367456968,0.05371178859925322,0.05371178859925322
0.9393540239029824,-0.16930509011390948,-0.16930509011390948
0.8062836417175123,-0.3734752199180892,-0.3734752199180892
0.9435617955688156,0.0634732799018671,0.0634732799018671
0.9976632920908266,-0.03173245332420718,-0.03173245332420718
0.44316897061488075,-0.5853279855545999,-0.5853279855545999
0.7418231630216757,-0.4050651023746394,-0.4050651023746394
0.9299626260399324,-0.3048913861467977,-0.3048913861467977
0.9551058749433038,-0.21415313447702458,-0.21415313447702458
0.9832639683994877,0.0966311910901611,0.0966311910901611
0.7216057291924264,-0.6196235823880044,-0.6196235823880044
0.961901887756046,0.14997552535941625,0.14997552535941625
0.24838146457755444,-0.6385539632941467,-0.6385539632941467
0.9982514010695369,-0.015808641641930854,-0.015808641641930854
0.8781449957671481,-0.3243491369387729,-0.3243491369387729
0.9961459852595788,-0.0873971285862861,-0.0873971285862861
0.9496529687810271,-0.3131242160237849,-0.3131242160237849
0.6823571443613564,-0.5256419120117058,-0.5256419120117058
0.7867225593815222,-0.47008540583530445,-0.47008540583530445
0.8143460033891746,-0.10383218075403546,-0.10383218075403546
0.6918979919079077,-0.417517738940703,-0.417517738940703
0.946745280538871,-0.18782196721356537,-0.18782196721356537
0.9466527925287388,0.16783343818365687,0.16783343818365687
0.9970623633736896,0.06858215320167935,0.06858215320167935
0.4295647965667637,-0.47348442090813075,-0.47348442090813075
0.8150712885680409,-0.3818352561853621,-0.3818352561853621
0.7930275877299674,0.45767868691899555,0.45767868691899555
-0.3824980576815032,0.8865615799907144,0.8865615799907144
0.44308926458375475,0.6390278141625174,0.6390278141625174
0.8021135433039189,-0.2785497556259656,-0.2785497556259656
0.37334646965299056,-0.5961703702823336,-0.5961703702823336
0.986611254573049,-0.1453672935663629,-0.1453672935663629
0.9434456322698127,-0.1512551275745243,-0.1512551275745243
0.9999621650978127,0.004090289869571691,0.004090289869571691
0.9631306544033699,0.22718875024239885,0.22718875024239885
-0.021131524331314794,-0.6467337940065915,-0.6467337940065915
0.8796752038084609,0.35286908406825024,0.35286908406825024
0.9770699473763954,-0.12682266427945557,-0.12682266427945557
0.9571549356328197,-0.2323057637267466,-0.2323057637267466
0.6879370891438126,0.17785782158108432,0.17785782158108432
0.4193642513054895,0.5481720704337019,0.5481720704337019
0.9939812796837882,0.05694488837825996,0.05694488837825996
0.9953016075226104,0.06928210113839015,0.06928210113839015
0.9055688114535754,-0.25862195631301726,-0.25862195631301726
0.973991890335096,0.1544084885687783,0.1544084885687783
0.990773001235451,0.04866833652968265,0.04866833652968265
0.8304056940392618,-0.19290180080543784,-0.19290180080543784
0.9927112712685798,0.07455373289374041,0.07455373289374041
0.7025477409332854,0.5634224800796404,0.5634224800796404
0.7579463417953305,0.478513684082949,0.478513684082949
0.5645558023466987,-0.6239828668095581,-0.6239828668095581
0.513795919744186,0.3858517594842159,0.3858517594842159
0.9937934690671908,0.11075647477278172,0.11075647477278172
0.913793493152359,0.16057355303120177,0.16057355303120177
0.9968675737944883,0.0046455528485617,0.0046455528485617
0.9919266331141946,-0.11017971264445355,-0.11017971264445355
0.890758174961771,0.22337143918257954,0.22337143918257954
0.9900787264502747,0.13811242095897983,0.13811242095897983
0.9921359012324842,0.11388423075781696,0.11388423075781696
0.9443940182150017,0.21279515285583583,0.21279515285583583
0.6847419904718205,-0.48298422728437335,-0.48298422728437335
0.9708923316337772,0.10921217848090628,0.10921217848090628
0.9386785668535496,-0.3437736861248699,-0.3437736861248699
0.9869520687961829,0.0425662048338315,0.0425662048338315
0.9800606136700787,0.10864852647092056,0.10864852647092056
0.9525783177308387,-0.005994292006685326,-0.005994292006685326
0.8899086464114815,0.299725391204781,0.299725391204781
0.4427070100053013,0.6582763356598089,0.6582763356598089
0.48248775386942966,-0.5464503708376367,-0.5464503708376367
0.4142783497311642,-0.6134715659339987,-0.6134715659339987
0.9058491379974196,-0.2601304193505213,-0.2601304193505213
0.9737553789956334,-0.17415050102722016,-0.17415050102722016
0.9688298749034301,0.1456951926375355,0.1456951926375355
0.8017721270159331,-0.415751903083966,-0.415751903083966
0.8065215770852366,-0.2433356751493093,-0.2433356751493093
0.18585139549962013,0.7564595368367113,0.7564595368367113
0.9990455010785546,-0.04347620789742932,-0.04347620789742932
0.994543252572449,0.09262855635417352,0.09262855635417352
0.9984764545327023,0.055089428893339024,0.055089428893339024
0.9397030594241269,0.2536619660720372,0.2536619660720372
0.9886894231181258,-0.10350340131479273,-0.10350340131479273
0.456971339883784,0.6454282131369175,0.6454282131369175
0.7479830493774439,0.626921446961777,0.626921446961777
0.9360378789357415,0.1726928247996594,0.1726928247996594
0.9375372223081633,0.27850526588690816,0.27850526588690816
0.34699862142672006,0.8321760459104791,0.8321760459104791
0.9835745980346315,0.002114751371223949,0.002114751371223949
0.9807164974487569,0.014279328411417882,0.014279328411417882
0.9851749862021294,-0.10368566405027847,-0.10368566405027847
0.921235070018364,-0.27187596505955075,-0.27187596505955075
0.7301943681173823,-0.408952911105899,-0.408952911105899
0.9954556838909181,0.0786894642874312,0.0786894642874312
0.9314226311218531,0.35616011799539676,0.35616011799539676
0.9189929927049926,-0.27935787358280667,-0.27935787358280667
0.9667679847889803,0.18207850565068676,0.18207850565068676
0.8425631537198282,0.4057317044499794,0.4057317044499794
0.8590019226078223,0.2965613347893268,0.2965613347893268
0.7645085906534094,0.06237602917168549,0.06237602917168549
0.9957400877065404,-0.03782101165816899,-0.03782101165816899
0.9724743196366952,0.15632720467184022,0.15632720467184022
0.7590673579976922,-0.09568462067500436,-0.09568462067500436
0.9903060022757483,-0.09095044773468851,-0.09095044773468851
0.9547673650950276,0.0008392610650102595,0.0008392610650102595
0.43942590159274525,-0.5092929122551317,-0.5092929122551317
0.9479436861501542,-0.28869532237249074,-0.28869532237249074
0.993565811676388,0.09147494972918876,0.09147494972918876
0.6229792790918653,-0.5566139204909873,-0.5566139204909873
0.9891020484873865,-0.07228929459028564,-0.07228929459028564
0.9920913766738189,0.034864471972950006,0.034864471972950006
0.8457420260287347,0.28823795915660666,0.28823795915660666
0.8880310732785811,-0.4572982799123403,-0.4572982799123403
0.9883656055421223,-0.09547664445337664,-0.09547664445337664
0.9878597171740826,0.09990368275198049,0.09990368275198049
0.9199338066616238,0.25021862350212465,0.25021862350212465
0.9071824956531064,-0.35847991939902896,-0.35847991939902896
0.9987154271892239,0.05055124538381793,0.05055124538381793
0.9357315738765012,0.3216739766737338,0.3216739766737338
0.9940901890424282,-0.0852074485933858,-0.0852074485933858
0.9970951997891095,-0.0756722670056704,-0.0756722670056704
0.9250880175246952,-0.31120318503780064,-0.31120318503780064
0.47451902488627085,0.4628036604202026,0.4628036604202026
0.871650897515878,-0.22097869638579784,-0.22097869638579784
0.9954244207461709,-0.06113153142417531,-0.06113153142417531
0.4057616048839963,0.5150431483921338,0.5150431483921338
0.9946586774838114,0.02906636952354298,0.02906636952354298
0.9992946483956454,0.004225325468493338,0.004225325468493338
0.9750514466796302,0.02057361107313916,0.02057361107313916
0.7991207884787981,0.3999966369760973,0.3999966369760973
0.598706056934934,-0.5264222603919329,-0.5264222603919329
0.9781321568265374,0.16660352434610184,0.16660352434610184
0.8399758874645709,-0.2116682185651723,-0.2116682185651723
0.9573478745387642,0.17769951528173786,0.17769951528173786
0.9689244169084283,-0.17963825701549155,-0.17963825701549155
0.9252383934398252,-0.2876379649917345,-0.2876379649917345
0.9726611533910071,0.030628682978277474,0.030628682978277474
0.9561668230153659,-0.19212000502472287,-0.19212000502472287
0.9665092072893666,0.020624196578897636,0.020624196578897636
0.9885425161662197,-0.07698887634704432,-0.07698887634704432
0.9828780501824994,-0.14240762779889946,-0.14240762779889946
0.2900654441346232,0.7078093503907027,0.7078093503907027
0.9929513002366397,0.028339841212255888,0.028339841212255888
0.9039364623246414,0.3094385218236898,0.3094385218236898
0.9699693731144936,0.04198592540516598,0.04198592540516598
0.6484657071263165,0.6144784162534118,0.6144784162534118
0.9419604613272718,0.2278572343037232,0.2278572343037232
0.9764573627425428,0.1644832760636559,0.1644832760636559
0.957092230360816,-0.03710477091544419,-0.03710477091544419
0.9669302116962104,-0.12203289377754577,-0.12203289377754577
0.9940097900435537,-0.07182888216330491,-0.07182888216330491
0.9937202373804771,0.08453897800190127,0.08453897800190127
0.9249312442510729,0.28551846229236194,0.28551846229236194
0.9175232265193581,0.301426188072895,0.301426188072895
0.9997354556693625,-0.02031012609135411,-0.02031012609135411
0.9103130601976148,-0.30250254795477044,-0.30250254795477044
0.9971305008744127,-0.007383198425263591,-0.007383198425263591
-0.024196051250596755,0.5402770608152311,0.5402770608152311
0.9114344423615355,0.32770598000363127,0.32770598000363127
0.8872638721824012,-0.27669183206957393,-0.27669183206957393
0.9967465537521081,-0.005969743826549176,-0.005969743826549176
0.9926365095547047,0.023444825962218516,0.023444825962218516
-0.21025318051402317,-0.7965692928390163,-0.7965692928390163
0.8494219116403566,0.20651913019067047,0.20651913019067047
0.9930790285628445,-0.072300901781142,-0.072300901781142
0.8175676693705339,0.39003466862607605,0.39003466862607605
0.9805658203560992,0.13188125795805658,0.13188125795805658
0.5249648018664802,-0.4499687313402288,-0.4499687313402288
0.9669318656194491,-0.12404353340218209,-0.12404353340218209
0.9601782272666582,-0.22817529910037765,-0.22817529910037765
0.9933095086540534,0.08732527039138106,0.08732527039138106
0.9993228376328893,0.027815583465492254,0.027815583465492254
0.9750835949754704,0.1310079337753836,0.1310079337753836
0.947772996519338,0.25942838183601163,0.25942838183601163
0.8843728983702477,-0.011131808340482847,-0.011131808340482847
0.9831332001087806,0.12808181092684895,0.12808181092684895
0.9585816604033773,0.2289508614541503,0.2289508614541503
0.87516697334378,0.30296288596770315,0.30296288596770315
0.9972953986769212,-0.04570543307938945,-0.04570543307938945
0.9411734302617176,-0.10434071386459615,-0.10434071386459615
0.9999215960050336,-0.008143506806754849,-0.008143506806754849
0.9605808400678165,-0.15169188769607028,-0.15169188769607028
0.9723674489089251,-0.13429179306007447,-0.13429179306007447
0.9280722659370026,-0.29726722187698557,-0.29726722187698557
0.6410183283288843,0.589849050608303,0.589849050608303
0.9180058052103175,0.33631781092570656,0.33631781092570656
0.2837205957692127,0.4810923005098224,0.4810923005098224
0.6541027166855393,-0.4604803003583376,-0.4604803003583376
0.9872047308876482,0.12439584137299892,0.12439584137299892
0.9864995469349684,0.127530768564632,0.127530768564632
0.8236963890031321,-0.18609297750830178,-0.18609297750830178
0.6366117566150015,-0.38700766525367397,-0.38700766525367397
0.9602200444268024,0.19291482568919305,0.19291482568919305
0.9928082548361966,-0.11394617811457815,-0.11394617811457815
0.8945805770163464,-0.18403581856123633,-0.18403581856123633
0.7916831622654521,-0.5331696050940087,-0.5331696050940087
0.850954700723317,-0.1380155940882632,-0.1380155940882632
0.9224015994151041,-0.3010452082415789,-0.3010452082415789
0.9738995865268677,-0.13033196790155968,-0.13033196790155968
0.9771505789550665,0.1591426684697495,0.1591426684697495
0.9828789050224546,-0.06709703186371685,-0.06709703186371685
0.44071206635058663,0.5520763964905833,0.5520763964905833
0.9746936530103872,0.12548351789079124,0.12548351789079124
0.995159389633779,-0.01076830412570897,-0.01076830412570897
0.9887708167601166,-0.13459250830484337,-0.13459250830484337
0.9096081681533592,-0.3579516685596699,-0.3579516685596699
0.8276817938660591,-0.41405113756972506,-0.41405113756972506
0.47838473891458355,0.4936655512463736,0.4936655512463736
0.8657969501436256,0.32879062971822487,0.32879062971822487
0.9513033270609024,-0.2911721893314084,-0.2911721893314084
0.9195536351498511,0.28605484716366897,0.28605484716366897
-0.048054622782702075,0.7863283228197211,0.7863283228197211
0.9264811400368339,0.2461210364984558,0.2461210364984558
0.9772277332790011,0.10435127563223032,0.10435127563223032
0.9982206015444757,-0.03384987484805212,-0.03384987484805212
0.9977118393878196,-0.013313126584289781,-0.013313126584289781
0.9606498197056516,0.2136329106018369,0.2136329106018369
0.9957589358979658,-0.042918730650414565,-0.042918730650414565
0.3736722522227287,-0.5966829933252548,-0.5966829933252548
0.7969223847194952,-0.12913921102631992,-0.12913921102631992
0.8820867500561294,0.3366999442569112,0.3366999442569112
0.8683573212493562,-0.3637010389656943,-0.3637010389656943
0.988177126431137,0.09544075064029856,0.09544075064029856
0.9977615705611986,0.054923773317129616,0.054923773317129616
0.9499180436836088,-0.13648661149156896,-0.13648661149156896
0.8853507256260364,-0.2632566067568119,-0.2632566067568119
0.9428501513778007,-0.3207292973971157,-0.3207292973971157
0.9416499771291299,0.13642667114626128,0.13642667114626128
0.8683301131062765,-0.4011273995263365,-0.4011273995263365
0.8688822910221436,0.3332936862440171,0.3332936862440171
0.9470271021727328,0.24675369498651326,0.24675369498651326
0.9518336896288268,-0.27074999525458154,-0.27074999525458154
0.9952897539497447,-0.09686874523008848,-0.09686874523008848
0.9980913676205035,-0.016406871004917396,-0.016406871004917396
0.9998970653223798,-0.014241131437335075,-0.014241131437335075
0.9669735634746246,0.10873374326842856,0.10873374326842856
0.9989765485790977,-0.039627517650109335,-0.039627517650109335
0.9996082323057238,0.018320778540492324,0.018320778540492324
0.9983911198954286,0.05572204267459419,0.05572204267459419
0.9678558811732394,0.014975022028677459,0.014975022028677459
0.7448719225054741,-0.3259298067911359,-0.3259298067911359
0.9572402616115568,0.2662200297402197,0.2662200297402197
0.9966256437722352,0.02628952587427748,0.02628952587427748
0.9807517624221467,0.19425995653888994,0.19425995653888994
0.8229719826063726,0.486954673054699,0.486954673054699
0.9736516718203824,0.05757740003288675,0.05757740003288675
0.8322263162143465,-0.39740509158663834,-0.39740509158663834
0.9589950020950674,-0.15207958553789208,-0.15207958553789208
0.9724021296026073,-0.15296505437344457,-0.15296505437344457
0.972406506625008,-0.18773467926130147,-0.18773467926130147
0.9964833806847577,-0.04568102069572289,-0.04568102069572289
0.992158662082727,0.03079673213371042,0.03079673213371042
0.9301890245923375,0.24651164558194744,0.24651164558194744
0.9335737961942558,-0.05549534370337961,-0.05549534370337961
0.6067544865381796,-0.4393583462825862,-0.4393583462825862
0.9751894312844933,-0.1567734320049483,-0.1567734320049483
0.8708169867943562,0.3003280708401979,0.3003280708401979
0.9436324168041421,-0.009905797122980413,-0.009905797122980413
0.384399407945824,-0.6793053505546067,-0.6793053505546067
0.8925265062215885,-0.2683678881129712,-0.2683678881129712
0.9993530626104556,-0.0358549472428939,-0.0358549472428939
0.8529200654399229,0.4406874893298598,0.4406874893298598
0.8880861840151981,-0.31282810325872956,-0.31282810325872956
0.2577153812240798,-0.8271753424250843,-0.8271753424250843
0.9604490375860212,0.15341145650069532,0.15341145650069532
0.9319100318679551,-0.2746517105657776,-0.2746517105657776
0.04870368153794405,-0.5328351522636599,-0.5328351522636599
0.9815543272427306,0.16371754451209455,0.16371754451209455
0.9993023887646602,-0.015250619014558419,-0.015250619014558419
0.8762455147888769,0.42617187130320694,0.42617187130320694
0.7897452267960291,-0.5382939585309223,-0.5382939585309223
0.9757543650007031,0.09114110233688978,0.09114110233688978
0.9295490136999128,0.2861300918241803,0.2861300918241803
0.9785259563032127,-0.0711916820644472,-0.0711916820644472
0.9963948774588949,-0.06878147071761768,-0.06878147071761768
0.9810285835260432,-0.004672797528866402,-0.004672797528866402
0.9852488366879869,-0.11038989677888993,-0.11038989677888993
0.9473899819645172,0.27360259774219187,0.27360259774219187
0.8985843730750986,-0.2143686185169169,-0.2143686185169169
0.9780079010539768,-0.12355571865557576,-0.12355571865557576
0.9979909607245605,-0.005728766839117419,-0.005728766839117419
0.9561416895647424,0.22596305331041963,0.22596305331041963
0.9464128389049551,-0.16633317225653013,-0.16633317225653013
0.9805803414285136,0.1535309450396825,0.1535309450396825
0.9970410777883068,0.0753753549583526,0.0753753549583526
0.9440480565387973,0.28420757769710603,0.28420757769710603
0.9524168255038423,0.21148608666570143,0.21148608666570143
0.7442696348821005,-0.44324857672986007,-0.44324857672986007
0.9006309399752821,0.28569331666646147,0.28569331666646147
0.9490989208911502,-0.187536687966969,-0.187536687966969
0.7864042616854491,-0.5040551545708389,-0.5040551545708389
0.8547705409380609,-0.3518289001067727,-0.3518289001067727
-0.5190938658244191,0.12193715459631717,0.12193715459631717
0.3755340495860277,-0.8486961110043519,-0.8486961110043519
0.9953714987075969,-0.008621152751537223,-0.008621152751537223
0.797051326680934,0.4458978992102454,0.4458978992102454
0.9966466892839491,-0.0718627794277206,-0.0718627794277206
0.980881556646169,-0.15456219310937536,-0.15456219310937536
0.9985635218972368,0.05323213992536823,0.05323213992536823
0.9665299687916961,-0.2247973828560598,-0.2247973828560598
0.9515116983982537,0.2615056173427003,0.2615056173427003
0.9256374090671886,0.2893207381645077,0.2893207381645077
0.9992327547250961,0.03247775638271132,0.03247775638271132
0.963108867003541,0.26871090709600426,0.26871090709600426
0.032461141228335544,0.4121093647342943,0.4121093647342943
0.9831759446938132,-0.12922073804461465,-0.12922073804461465
0.5161673262495162,-0.6541217937563903,-0.6541217937563903
0.30224320329377014,-0.5600732000283024,-0.5600732000283024
0.9973834714203843,-0.07228220179399018,-0.07228220179399018
0.9915851603459678,-0.09932624617358883,-0.09932624617358883
0.987540341885483,-0.15690481070113152,-0.15690481070113152
0.3369875144536312,-0.563505283580585,-0.563505283580585
0.9593420814622043,-0.17163518747324513,-0.17163518747324513
0.7924198548475184,0.1315440268718821,0.1315440268718821
0.9810227886025777,0.1814207957065949,0.1814207957065949
0.9458876456120999,0.20351973051692168,0.20351973051692168
0.9406655946338488,-0.23519488281864695,-0.23519488281864695
0.9878960718710517,0.13157823948110264,0.13157823948110264
0.8205548218811058,-0.33135112023126373,-0.33135112023126373
0.9993985516483829,0.023467964798204732,0.023467964798204732
0.981456428552078,-0.15749573115817841,-0.15749573115817841
0.9319372314518534,0.24546995879130667,0.24546995879130667
0.9557133609048283,-0.16209623721799268,-0.16209623721799268
0.9028039496833926,-0.31121129798513936,-0.31121129798513936
0.9931981160033205,0.010676508569357257,0.010676508569357257
0.15350492530742743,-0.5824197927169621,-0.5824197927169621
0.7702002834496853,-0.5200987594465527,-0.5200987594465527
0.9752643153355304,0.09965461115101894,0.09965461115101894
0.9897115804425989,-0.12493878007269886,-0.12493878007269886
0.9965144419822639,-0.05896705221118732,-0.05896705221118732
0.8460971575659137,0.2073431313480056,0.2073431313480056
0.8428662352995876,-0.5378048853813024,-0.5378048853813024
0.975326019115459,0.2159424380155612,0.2159424380155612
0.8189174182877832,0.27433164230062074,0.27433164230062074
0.9605501578512404,0.16836378875615504,0.16836378875615504
0.9989145181738665,-0.04020418530909813,-0.04020418530909813
0.997758890553522,0.03248777756926304,0.03248777756926304
0.9994409005578582,0.03270024641695056,0.03270024641695056
0.9850388984295833,-0.10665897409905582,-0.10665897409905582
0.9515033192211316,0.2258560208281646,0.2258560208281646
0.9082550410711343,-0.33047057630127485,-0.33047057630127485
0.9583175703579431,0.21123623860338406,0.21123623860338406
0.8943239778770913,0.3516800864557313,0.3516800864557313
0.8623232986526256,-0.3290835301481094,-0.3290835301481094
0.8669212938204292,0.24011280912470861,0.24011280912470861
0.9579267430606071,-0.17828608521900188,-0.17828608521900188
0.9747710469735059,0.1793086405666005,0.1793086405666005
0.9986441426201628,-0.004504319303041035,-0.004504319303041035
0.20850452214221468,-0.6798613016776252,-0.6798613016776252
0.8847609354217963,0.2861276119206925,0.2861276119206925
0.9170264816604229,-0.34735210510420417,-0.34735210510420417
0.5634352507557628,-0.1877072927229304,-0.1877072927229304
0.9894889244204139,-0.11065960879473748,-0.11065960879473748
0.7087255691845123,-0.5346088949582081,-0.5346088949582081
0.9995252499152372,0.03035427100445251,0.03035427100445251
0.9978225729054846,-0.06403760135737481,-0.06403760135737481
0.991647695093263,-0.12857198254818078,-0.12857198254818078
0.9701262628918735,0.22579041993926058,0.22579041993926058
0.983240083775006,-0.15128579752322546,-0.15128579752322546
0.8362020908058304,-0.4242587317540806,-0.4242587317540806
0.9631569835395178,-0.16231577476257025,-0.16231577476257025
0.9853748618235675,0.031516138095235735,0.031516138095235735
0.9864076110827871,-0.13262003171323655,-0.13262003171323655
0.9996542721989372,-0.025701403279320433,-0.025701403279320433
0.9985512564873531,0.028509983365904778,0.028509983365904778
0.8858873633101442,0.3536700017711906,0.3536700017711906
-0.27691336131316424,-0.5853561040857688,-0.5853561040857688
0.9825727233638617,-0.14288697406008163,-0.14288697406008163
0.9986392106292493,0.03144064728613108,0.03144064728613108
0.7021563120844646,0.04477022798522394,0.04477022798522394
0.9998593090198377,0.014087485509174115,0.014087485509174115
0.9846772277178222,-0.11161484244551435,-0.11161484244551435
0.7732833689516885,-0.3544497794690961,-0.3544497794690961
0.9937277423857378,-0.10266661167675563,-0.10266661167675563
0.998630188203957,-0.023291161449442,-0.023291161449442
0.9350383080920777,-0.2327044354112251,-0.2327044354112251
0.8643618493667007,-0.30268014300711843,-0.30268014300711843
0.9949325637048868,0.07354559844460731,0.07354559844460731
0.689193152460101,0.07869566675868513,0.07869566675868513
0.9875893573088436,-0.11780550879449511,-0.11780550879449511
0.8812059371356541,0.3406754836831512,0.3406754836831512
0.9770415000243857,-0.1413619677228959,-0.1413619677228959
0.867095281484654,-0.3269162130657745,-0.3269162130657745
0.07439532686635002,-0.9056428010185009,-0.9056428010185009
0.8099433976739316,-0.43956462820119513,-0.43956462820119513
0.8888047034352676,0.2407622599461906,0.2407622599461906
0.9667101031753728,0.22781531059022542,0.22781531059022542
0.993853548746751,-0.10074225944270021,-0.10074225944270021
0.9657242502976991,-0.17452449907599898,-0.17452449907599898
0.850877883376212,0.32179177201944453,0.32179177201944453
0.7363531846520189,-0.45993570855343874,-0.45993570855343874
-0.3756207498853402,0.6198512790514575,0.6198512790514575
0.9790766513619251,0.1511957771279227,0.1511957771279227
-0.05272591238532265,-0.7613149900771234,-0.7613149900771234
0.9721690527427961,-0.21776449994865765,-0.21776449994865765
0.9957135619882587,-0.054910014263646854,-0.054910014263646854
0.9631346780784732,-0.11586397315485905,-0.11586397315485905
0.6893639530806108,-0.32085253503566846,-0.32085253503566846
0.5792375054760015,0.6712172597766798,0.6712172597766798
0.9036195807951276,0.2810099871257398,0.2810099871257398
0.8617263105979684,0.28363487140116234,0.28363487140116234
0.6806632276102063,-0.5246367010535428,-0.5246367010535428
0.998433195827164,0.003901066882054447,0.003901066882054447
0.996303206071314,-0.08493506206854018,-0.08493506206854018
0.9966947853028372,-0.008195003281273863,-0.008195003281273863
0.9678112102116724,-0.06579285987712716,-0.06579285987712716
0.9811066023846623,-0.13094006716528298,-0.13094006716528298
0.9640814317799995,0.1488833336255932,0.1488833336255932
0.7423820776821951,0.47414581483756685,0.47414581483756685
0.9818554519002334,0.1460407702373166,0.1460407702373166
0.9973656100356827,0.04388823721547968,0.04388823721547968
0.3919600725542767,0.6754818175070523,0.6754818175070523
0.9873272187107578,0.10605469889154501,0.10605469889154501
0.912347857948366,0.15870227889101482,0.15870227889101482
0.9330831275291227,-0.28512756340667295,-0.28512756340667295
0.9433263616751714,0.1998363688836345,0.1998363688836345
0.9943940064335403,-0.023270735448131234,-0.023270735448131234
0.7966583938180798,0.436824508492177,0.436824508492177
0.9082609599665246,0.244148252269478,0.244148252269478
0.9080979462359072,-0.32535092903297197,-0.32535092903297197
0.9835067628751442,0.0464005347020227,0.0464005347020227
0.9965552994932659,0.054365237049261966,0.054365237049261966
0.781097484173105,-0.5578777237978932,-0.5578777237978932
-0.7024349408988237,-0.5513528329685284,-0.5513528329685284
0.9973061661256925,0.05626952575596745,0.05626952575596745
0.9960202573563656,0.05853555269055007,0.05853555269055007
0.8544646576895919,-0.2834130830645782,-0.2834130830645782
0.9552199224986538,0.18548182548025055,0.18548182548025055
0.9905845922397999,0.0228515442923921,0.0228515442923921
0.9851602850624336,0.04870119032370931,0.04870119032370931
0.9936330207800137,0.09613170431653272,0.09613170431653272
0.9755487809363368,-0.20629360855179849,-0.20629360855179849
0.9140664481817395,-0.40214152315563945,-0.40214152315563945
0.8986596480212975,0.2579562920253715,0.2579562920253715
0.7061294776955934,-0.4622722367964572,-0.4622722367964572
0.9749585207332879,0.16489773124005208,0.16489773124005208
0.998969970341025,0.04499974568897737,0.04499974568897737
0.972881720154261,-0.19032240894206337,-0.19032240894206337
0.9375247783851186,-0.2974588783582441,-0.2974588783582441
0.871960903123759,-0.38048497954218563,-0.38048497954218563
0.9219370841140807,-0.17018266835811804,-0.17018266835811804
0.9040739417073701,0.2866523387465327,0.2866523387465327
0.8374462480351048,-0.2967494405564218,-0.2967494405564218
0.8602997615429709,-0.29652529228084906,-0.29652529228084906
0.9768435479177058,-0.13487384340662426,-0.13487384340662426
0.9998194156555762,-0.0010998177689758436,-0.0010998177689758436
0.8674585906070181,-0.35314776913990165,-0.35314776913990165
0.7142455700555697,-0.33522917856172524,-0.33522917856172524
0.9799227550223648,0.02746990448211615,0.02746990448211615
0.9811128276644746,-0.15250402536792554,-0.15250402536792554
0.9689405488320425,0.17013674950387064,0.17013674950387064
0.9936135477461508,0.09391053265595413,0.09391053265595413
0.9798611322636303,-0.14859654536649392,-0.14859654536649392
0.8618090570478021,0.3552497441722159,0.3552497441722159
0.9302268096058282,-0.2813171041836792,-0.2813171041836792
0.9572930904978039,0.17672910331256658,0.17672910331256658
0.9737025173077775,-0.18787142538268295,-0.18787142538268295
0.9916883249308922,0.11224486716725643,0.11224486716725643
0.9982214694850172,-0.05781196711237951,-0.05781196711237951
0.9889697359764548,0.08586732290470381,0.08586732290470381
0.9933181796074589,0.051100347001422276,0.051100347001422276
0.9426551979267337,-0.2691546675252679,-0.2691546675252679
0.9409819741769243,-0.24193277890624676,-0.24193277890624676
0.9660109113309404,-0.20972777990788752,-0.20972777990788752
0.9702904100835626,-0.18616336433071473,-0.18616336433071473
0.9582845725662861,-0.2348789297080391,-0.2348789297080391
0.7670881898794041,-0.4349725161226619,-0.4349725161226619
-0.7750038993046444,-0.017931019150432926,-0.017931019150432926
0.7944093575523066,0.5708527742281688,0.5708527742281688
0.7562344404760613,-0.2905504693342679,-0.2905504693342679
0.6355372661117078,-0.4361509541694774,-0.4361509541694774
0.9541440706510147,0.23536680750709457,0.23536680750709457
0.6374848361138427,0.5506628748841321,0.5506628748841321
0.9480151926576903,0.2436604483918096,0.2436604483918096
0.8968291791748242,0.4194438888123644,0.4194438888123644
0.988308235710129,-0.1123487787530352,-0.1123487787530352
0.9911453502999943,-0.10018703339647614,-0.10018703339647614
0.9985285705166528,0.054178495258153186,0.054178495258153186
0.9992540112652011,-0.03222883869775545,-0.03222883869775545
0.9967843735874128,-0.034642586455992885,-0.034642586455992885
0.6522407067274607,0.1525878077350354,0.1525878077350354
0.9199294707901549,-0.2727346172410886,-0.2727346172410886
0.9772459661830567,-0.03360028716276912,-0.03360028716276912
0.9858641024658001,-0.08962602785170015,-0.08962602785170015
0.593544195680664,0.4110385804099492,0.4110385804099492
0.5159214325109197,0.4485608555732925,0.4485608555732925
0.999914604192458,0.010806051040499115,0.010806051040499115
0.9374862485592431,-0.2247159192130296,-0.2247159192130296
0.9915107133791173,-0.12169780436418538,-0.12169780436418538
0.9774251243549096,0.1615938309728396,0.1615938309728396
0.9980643677056616,0.00271733877426361,0.00271733877426361
0.9666097947883001,-0.21932400473898211,-0.21932400473898211
0.9899012289091327,0.07343682255417663,0.07343682255417663
0.9831686042547456,0.11076894026608185,0.11076894026608185
0.9770384563383498,0.1758625397215561,0.1758625397215561
0.8787370145877648,0.07446543137606194,0.07446543137606194
0.9941567410912381,-0.10576994280874923,-0.10576994280874923
0.9884249221516465,0.06384238132202893,0.06384238132202893
0.9917303989255142,0.10497270460925297,0.10497270460925297
0.9826187943340846,0.10464970715431876,0.10464970715431876
0.985544073065479,-0.027735761388405385,-0.027735761388405385
0.9944725476444481,-0.08192101339899056,-0.08192101339899056
0.9881452645549744,0.06916958504656809,0.06916958504656809
0.9725842192540675,0.21195747840405757,0.21195747840405757
0.9738088777437514,-0.16541668643743904,-0.16541668643743904
0.9289513877251383,-0.26438430009170316,-0.26438430009170316
0.9999960153335365,0.0025566371536454567,0.0025566371536454567
0.9573462923663336,-0.1966873018927345,-0.1966873018927345
0.9473410294099718,-0.06134992049840011,-0.06134992049840011
0.6546223193405527,0.4177912466369336,0.4177912466369336
0.9257573956851926,-0.23927706300732213,-0.23927706300732213
0.8391866345315911,0.34902018746256724,0.34902018746256724
0.9576493836808457,-0.20945095877232842,-0.20945095877232842
0.7917164572217894,-0.43350732869669634,-0.43350732869669634
0.9991875752989866,-0.01659063946964858,-0.01659063946964858
0.6289250531057542,0.7190266806633321,0.7190266806633321
-0.09618959196442045,-0.47789967663800687,-0.47789967663800687
0.98590080291849,-0.026055134894288685,-0.026055134894288685
0.8128991754671168,-0.3461239288084697,-0.3461239288084697
0.8524310093067883,-0.36979805051695985,-0.36979805051695985
0.9809518990114107,-0.17518029886878791,-0.17518029886878791
0.9989076270989453,0.04338159895590918,0.04338159895590918
0.9829703302845875,-0.1831990617561231,-0.1831990617561231
0.9323452699574609,0.25034644810451856,0.25034644810451856
0.9425192826602783,-0.26314126346256916,-0.26314126346256916
0.9919681396688926,-0.1008059156756799,-0.1008059156756799
0.9969418583359537,0.02486222092715891,0.02486222092715891
0.16499923577229186,0.793043071870386,0.793043071870386
0.9831941018608603,-0.10612800171811351,-0.10612800171811351
0.8462724912812357,-0.39890063834090655,-0.39890063834090655
0.9652705009528905,0.15978694734914886,0.15978694734914886
0.9935428012631703,0.08196940194983826,0.08196940194983826
0.9481869052535017,0.3115403283039593,0.3115403283039593
0.8765830980778782,0.37799329498333184,0.37799329498333184
0.9919662382328256,-0.06959090576715819,-0.06959090576715819
0.9919851678111234,0.08027827215777647,0.08027827215777647
0.9452898632775347,-0.09199795711574235,-0.09199795711574235
0.998134994279526,0.0552830228611683,0.0552830228611683
0.931023335467984,0.3472214516048044,0.3472214516048044
0.9747946151558764,-0.1952457114585003,-0.1952457114585003
0.9846348045253018,-0.14425106588149253,-0.14425106588149253
0.9307149555827474,0.20684164568939656,0.20684164568939656
0.981284137186693,0.13565650533010834,0.13565650533010834
0.9872273374723406,-0.08748825738571309,-0.08748825738571309
0.8908857960605159,0.4499000742132865,0.4499000742132865
0.9988250780086111,0.02633886250425844,0.02633886250425844
0.9643248723859955,-0.20891034316069848,-0.20891034316069848
0.9558527370189079,-0.24574319634122993,-0.24574319634122993
0.9921352545666334,-0.037336673640169814,-0.037336673640169814
0.9997860865663285,-0.02066674384485583,-0.02066674384485583
0.8437925235940619,0.5303101583602579,0.5303101583602579
0.9725162231265039,0.22443089801498095,0.22443089801498095
0.9463619726562562,0.249787438799804,0.249787438799804
0.9609487690802206,0.17192158232573798,0.17192158232573798
0.9125085135004313,0.2995124976709226,0.2995124976709226
0.9994395322991817,-0.03341429351898231,-0.03341429351898231
0.9997814968612581,-0.019059324490551824,-0.019059324490551824
0.9795596575437608,-0.13758674094670123,-0.13758674094670123
0.33476916829139874,0.6390546318746603,0.6390546318746603
0.8751007605331754,-0.294457779969554,-0.294457779969554
0.747800649657584,0.39606310242676973,0.39606310242676973
0.9921572556391959,0.0674027874820706,0.0674027874820706
0.8053851278103297,-0.41736388751868425,-0.41736388751868425
0.975486808735293,-0.19105149340462182,-0.19105149340462182
0.6432898249463521,0.5107929630250981,0.5107929630250981
0.9872021267937812,0.15912110870833965,0.15912110870833965
0.9999803946853097,-0.005248010177507871,-0.005248010177507871
0.8801407210376971,0.30009752563717274,0.30009752563717274
0.9842639070932324,-0.11993988780934521,-0.11993988780934521
0.8871839453672753,-0.29269324977234606,-0.29269324977234606
0.9267747248040493,-0.3074999793579733,-0.3074999793579733
0.8896637013017701,-0.4286974170800313,-0.4286974170800313
0.9994894377584935,0.006769685086946307,0.006769685086946307
0.9501645523094616,0.1807230277820445,0.1807230277820445
0.9710526702797527,0.06631711547188955,0.06631711547188955
0.9930567287478127,-0.07089071208127758,-0.07089071208127758
0.8352852244172178,-0.3476285730239823,-0.3476285730239823
0.8596373853547107,-0.39176481772705296,-0.39176481772705296
0.6533627880039007,0.6260435815230534,0.6260435815230534
0.746764901071428,0.6536806276206742,0.6536806276206742
0.9987633564048901,-0.049630457087782166,-0.049630457087782166
0.988955281327913,0.14452515912519961,0.14452515912519961
0.9438338481373235,-0.24924578862120206,-0.24924578862120206
0.8728928424968387,-0.47157999959415575,-0.47157999959415575
0.9990333261482754,-0.02414471870836153,-0.02414471870836153
0.7489548941352314,0.48695785041297646,0.48695785041297646
0.9894075547483355,-0.13935119991126121,-0.13935119991126121
0.9404619504177759,-0.23824957460625493,-0.23824957460625493
0.9959836505192718,-0.06504794735900343,-0.06504794735900343
0.996971803760125,-0.07663931581132948,-0.07663931581132948
0.7286000453320431,0.46063204969877386,0.46063204969877386
0.677231228079305,0.3924608735727081,0.3924608735727081
0.9125171130554853,0.14559115314668197,0.14559115314668197
0.943212459553953,-0.2681030024137857,-0.2681030024137857
0.5037189200803376,0.6835677314179014,0.6835677314179014
0.9935283532012575,-0.0558644705793155,-0.0558644705793155
0.9686204510104088,0.18992791762498298,0.18992791762498298
0.9546272925813029,-0.1772968245898283,-0.1772968245898283
0.9816718448662028,0.08776361556992719,0.08776361556992719
0.9236535595929503,0.22525424585314405,0.22525424585314405
0.9938914747225958,0.10803718795161492,0.10803718795161492
0.9079341387126391,-0.09374506286469779,-0.09374506286469779
0.9605842039650736,0.20687776562017632,0.20687776562017632
0.9908803960712839,-0.09769389202484428,-0.09769389202484428
0.9800492585242734,0.1761335617487065,0.1761335617487065
0.9989503680149077,-0.043801556286069916,-0.043801556286069916
0.9292860105724586,-0.327018105347163,-0.327018105347163
0.9285130863918795,0.22887863314155338,0.22887863314155338
0.9928055367704229,0.11700346949235475,0.11700346949235475
0.9023717072042701,0.24952604710247386,0.24952604710247386
0.9994265865965097,-0.033751390800515896,-0.033751390800515896
0.979516820836344,0.10357316661326822,0.10357316661326822
0.9939095484611302,-0.06691261926812223,-0.06691261926812223
0.999887438496714,0.012035664483712199,0.012035664483712199
0.833198101559405,-0.4148096431586478,-0.4148096431586478
0.9480221805349623,0.20640667382482614,0.20640667382482614
0.9780417165755921,-0.13511631799222898,-0.13511631799222898
0.9908531761851457,0.1150981265390436,0.1150981265390436
0.9866773161403769,-0.0705075114272335,-0.0705075114272335
0.9591996506741507,-0.22444265700992588,-0.22444265700992588
0.9958244163966262,0.0690917983489862,0.0690917983489862
0.9963787570820034,0.05772926500679263,0.05772926500679263
0.978620297762713,-0.12228971111988092,-0.12228971111988092
0.9523491419873726,-0.26361248491754136,-0.26361248491754136
0.9166304902442652,0.24730045677992096,0.24730045677992096
0.5811481508405617,0.7877438756295436,0.7877438756295436
0.9845152762556483,0.11809222884468615,0.11809222884468615
0.9996795050427002,-0.024317936353564724,-0.024317936353564724
0.9398226948038241,0.2044023763864747,0.2044023763864747
0.9753031488020302,-0.12708568523068675,-0.12708568523068675
0.9993599923180143,-0.03260882777430837,-0.03260882777430837
0.9990977917954486,0.04110216178345896,0.04110216178345896
0.992923449192746,-0.08933897435523616,-0.08933897435523616
0.9596908199098496,-0.2464016415977919,-0.2464016415977919
0.9987872509575892,-0.04615072916337044,-0.04615072916337044
0.9492131788933307,-0.2979324229527557,-0.2979324229527557
0.891921149158243,-0.17520912054300633,-0.17520912054300633
0.9284251998730512,0.1665028405707459,0.1665028405707459
0.9971077276696,0.05885586675982774,0.05885586675982774
0.9380743253160503,0.054957297196557876,0.054957297196557876
0.853464714661655,-0.29809292099235996,-0.29809292099235996
0.9962900691245179,0.05958268187721515,0.05958268187721515
0.8724887544776014,-0.25062894330954466,-0.25062894330954466
0.9992960144757992,0.01670087330349593,0.01670087330349593
0.9490809071668609,-0.22494791934900335,-0.22494791934900335
0.8805177468747065,0.34782877857561817,0.34782877857561817
0.9922566979603231,-0.06083881338498197,-0.06083881338498197
0.9979227682729134,0.030093715211715052,0.030093715211715052
0.9954625667366928,-0.06679431834078899,-0.06679431834078899
0.2862119222324267,0.7834822396272998,0.7834822396272998
0.96100453401893,0.26630323618617496,0.26630323618617496
0.9555964279974495,-0.13436650953609733,-0.13436650953609733
0.44627347719361726,0.4512892195909647,0.4512892195909647
0.9901394484089978,0.12656750952183943,0.12656750952183943
0.9894572567780424,0.10981299471514067,0.10981299471514067
0.9998000080331202,0.014569097639175533,0.014569097639175533
0.9887241980429817,-0.12189865912911144,-0.12189865912911144
0.9311243112168293,-0.2347654912668381,-0.2347654912668381
0.9071209417159944,0.25237496104815044,0.25237496104815044
0.9961884655577108,-0.025476301302343803,-0.025476301302343803
0.7076550289882405,-0.4731634269284189,-0.4731634269284189
0.9943985818856552,0.034540551202519566,0.034540551202519566
0.5862876032007706,-0.4941648370021452,-0.4941648370021452
0.991200820188321,-0.12852923234587404,-0.12852923234587404
0.9966656457619859,-0.046679742271097065,-0.046679742271097065
0.9915024647074526,-0.10744239185768217,-0.10744239185768217
0.9557080751197282,0.166161810520398,0.166161810520398
0.9524752261912162,-0.19284739497911366,-0.19284739497911366
0.9965888560040997,0.051877373511086546,0.051877373511086546
0.8588316575462013,0.36095668896533134,0.36095668896533134
0.9199280220629239,-0.2944279138344853,-0.2944279138344853
0.855145245390085,-0.45769629163354214,-0.45769629163354214
0.9877946716803969,0.13767385252403566,0.13767385252403566
0.9989631066449801,0.014636277525680067,0.014636277525680067
0.9988398233134717,-0.026688204086544615,-0.026688204086544615
0.955080518273517,-0.22312001877173684,-0.22312001877173684
0.9912289099556126,-0.07973569619312275,-0.07973569619312275
0.9825401172628865,0.1619179449569937,0.1619179449569937
0.512397549053221,-0.6557198363529336,-0.6557198363529336
0.9901912519925794,0.07955891180664859,0.07955891180664859
0.9172192449960721,-0.25777017718674056,-0.25777017718674056
0.9918971911107206,0.07880847222159906,0.07880847222159906
0.953148459948196,-0.2289094596974225,-0.2289094596974225
0.8896330516022685,-0.30952411824631776,-0.30952411824631776
0.9981498449758239,-0.05232717016206092,-0.05232717016206092
0.579071412172958,-0.6047710559058463,-0.6047710559058463
0.957068817283293,-0.22458470624380775,-0.22458470624380775
0.9958765434587292,0.08207129804730892,0.08207129804730892
0.560803122286124,0.8125131151212003,0.8125131151212003
0.9749700254956047,0.1527345047994943,0.1527345047994943
0.8424134450891434,-0.36688754911304117,-0.36688754911304117
0.9933404179047116,-0.03211590183223553,-0.03211590183223553
0.9504257725272746,0.18491019079247653,0.18491019079247653
0.8705014347205154,-0.3571880571018608,-0.3571880571018608
0.9522215261120547,0.2220151700055025,0.2220151700055025
0.9929748636420909,0.043067559895192155,0.043067559895192155
0.9969752770004434,-0.04293439730973683,-0.04293439730973683
0.9840009601105671,0.07903979992251511,0.07903979992251511
0.9957634681470118,0.035372693136962854,0.035372693136962854
0.9223666127895547,-0.2705845723053457,-0.2705845723053457
-0.42794845263976994,0.03778650594821656,0.03778650594821656
0.9447160849469234,0.1900466887167847,0.1900466887167847
0.9900648044032622,0.14024898678169015,0.14024898678169015
0.9842084602350193,0.09750189572257455,0.09750189572257455
0.9670439714655824,-0.2131718096034301,-0.2131718096034301
0.9598495971315285,-0.1996461964040498,-0.1996461964040498
0.9812155955281033,-0.10497235333767346,-0.10497235333767346
0.9568637036755243,-0.2508935007488268,-0.2508935007488268
0.9518338824446877,0.22254747593209515,0.22254747593209515
0.9658174684340403,-0.1984430103728587,-0.1984430103728587
0.9941446503895921,-0.09964308238080354,-0.09964308238080354
0.9924316074603776,0.10322276841864936,0.10322276841864936
0.9633235245159955,-0.16521386056154144,-0.16521386056154144
0.9909811123969465,-0.09974324733440378,-0.09974324733440378
0.9178858087016518,0.3154063977167003,0.3154063977167003
0.9752045516093862,0.1476336370553714,0.1476336370553714
0.9907211806829521,0.10352994390678047,0.10352994390678047
0.9985893496138593,-0.04452212006207427,-0.04452212006207427
0.9857796940549182,-0.12473915979605787,-0.12473915979605787
0.8733518900529131,-0.42239455847420965,-0.42239455847420965
0.8207566028519796,-0.4057737660797818,-0.4057737660797818
0.9874353964609732,-0.07040612156486269,-0.07040612156486269
0.9996756152722515,-0.018980634303841944,-0.018980634303841944
0.9972248737932958,-0.07394038054073349,-0.07394038054073349
0.9680493074311974,-0.20571531703835924,-0.20571531703835924
0.9827496719181101,0.17212925193820025,0.17212925193820025
0.9950148290893776,-0.05098467879807044,-0.05098467879807044
0.9984559386949208,0.05016771767321955,0.05016771767321955
0.9835214455700202,0.1407858128060946,0.1407858128060946
0.9999233222964538,-0.012264877795007833,-0.012264877795007833
0.9998006963985944,0.01559838360140735,0.01559838360140735
0.9267624569901773,-0.2753782464531468,-0.2753782464531468
0.9824958435258914,-0.1491334540325429,-0.1491334540325429
0.9780363395188727,0.12176756315508644,0.12176756315508644
0.9994738878775735,-0.03220187593100478,-0.03220187593100478
0.9958933755424051,0.029831501292450255,0.029831501292450255
0.6938115737769066,0.5494420010963806,0.5494420010963806
0.9508710516154023,-0.12384838682056054,-0.12384838682056054
0.9992637345901073,-0.008837955547112444,-0.008837955547112444
0.9759652733059982,0.19343958672555853,0.19343958672555853
0.9965024651589746,-0.07615596147402025,-0.07615596147402025
0.9994604202299631,0.02167157459427963,0.02167157459427963
0.8187622307309889,-0.3608763995814586,-0.3608763995814586
0.9999968642303908,0.002070040804016821,0.002070040804016821
0.9993538501102077,-0.026642740685020226,-0.026642740685020226
0.828147758185204,0.3926859698000964,0.3926859698000964
0.8575196356472142,-0.30494058207988217,-0.30494058207988217
0.8117797444315302,-0.5753487850915502,-0.5753487850915502
0.9890332716247859,-0.12241795458045879,-0.12241795458045879
0.9338052683629647,-0.28079434458788494,-0.28079434458788494
0.999101610143581,-0.004306663452679655,-0.004306663452679655
0.888073871235692,-0.3220486111917552,-0.3220486111917552
0.8284438029885312,0.3896201498463073,0.3896201498463073
0.9686363443201117,0.1785851888451913,0.1785851888451913
0.9919951442512899,-0.0657906943104155,-0.0657906943104155
0.99965563631029,-0.024826441759752092,-0.024826441759752092
0.9982976896758485,0.02736069748256855,0.02736069748256855
0.8935807281857878,0.3140537639995183,0.3140537639995183
0.879942200710203,-0.47013869401584385,-0.47013869401584385
0.9347373066614941,0.12429822699333926,0.12429822699333926
0.9987291099267827,-0.04681583762141093,-0.04681583762141093
0.889978127284602,-0.3955999560841828,-0.3955999560841828
0.9717091394215295,-0.18761217296144148,-0.18761217296144148
0.8660284162721877,0.3625255587379091,0.3625255587379091
0.9941107504641983,0.06041627559861347,0.06041627559861347
0.9986485804028913,0.044666716565757915,0.044666716565757915
0.9953231375555044,0.04149725229349597,0.04149725229349597
0.9390757920586195,-0.19507835346147162,-0.19507835346147162
0.9923186488938867,-0.07754515517376692,-0.07754515517376692
0.9862839971819459,0.13710579912466114,0.13710579912466114
0.9973310343855672,-0.07124865060752827,-0.07124865060752827
0.995547683312991,-0.030084396952562546,-0.030084396952562546
0.9987345069295243,0.020213422119373776,0.020213422119373776
0.8852035571405884,-0.33000563272978084,-0.33000563272978084
0.9847774981044656,-0.12132111014757237,-0.12132111014757237
0.9913961546025579,0.0548377343507434,0.0548377343507434
0.9978527735750553,-0.011039764499848592,-0.011039764499848592
0.9811174077969915,-0.10817437708811439,-0.10817437708811439
0.9833537155633222,0.14877123391944927,0.14877123391944927
0.9238808033175618,0.24158422828259565,0.24158422828259565
0.9463598495218484,0.287877896063684,0.287877896063684
0.9942251034167426,-0.08594279462877785,-0.08594279462877785
0.9991758035537867,-0.02018973185518854,-0.02018973185518854
0.9912817238440857,-0.1063131113225332,-0.1063131113225332
0.9951641809411602,-0.08981437209983627,-0.08981437209983627
0.9452817896704486,-0.19914225278765307,-0.19914225278765307
0.7045436544090512,-0.36494234968327405,-0.36494234968327405
0.9667927818799897,-0.2460376400520917,-0.2460376400520917
0.9989525737492867,-0.044740332860933,-0.044740332860933
0.9901763438000807,-0.07106101707753684,-0.07106101707753684
0.8743781114160043,-0.24118978060155924,-0.24118978060155924
0.9723126638836384,0.18667357073354482,0.18667357073354482
0.8515435126002281,-0.43430944284954814,-0.43430944284954814
0.9997820182011226,-0.0014063879436608676,-0.0014063879436608676
-0.8845440837214285,0.4448200032692446,0.4448200032692446
0.9867947798082223,-0.14022371914309587,-0.14022371914309587
0.9733174451732528,-0.0645900162544129,-0.0645900162544129
0.8916074001158883,0.31551335564122873,0.31551335564122873
0.988960946335606,-0.13494739401745134,-0.13494739401745134
0.8506707834528996,-0.473798501910111,-0.473798501910111
0.8887329601053187,-0.3228644386388185,-0.3228644386388185
0.8357956643024542,0.3394114375259895,0.3394114375259895
0.9845066494022492,-0.12872632877489534,-0.12872632877489534
0.980096591231644,-0.11563625117072324,-0.11563625117072324
0.9577691418731565,-0.19308297699739146,-0.19308297699739146
0.9881336026628562,-0.005285070858352764,-0.005285070858352764
0.9931860729331475,-0.10789300399589652,-0.10789300399589652
0.9531069353541386,-0.23076715037211715,-0.23076715037211715
0.9990338032592576,0.04026895780549069,0.04026895780549069
0.8619133923968477,-0.3142805428758948,-0.3142805428758948
0.9959212922927513,0.03111756505070441,0.03111756505070441
0.9937668393811878,0.044429677329916394,0.044429677329916394
0.9923659010080397,-0.06905840936488382,-0.06905840936488382
0.9664329817861672,-0.17409774727226784,-0.17409774727226784
0.9670647900026559,-0.1885465135476183,-0.1885465135476183
0.9973657616502214,0.051157330308827596,0.051157330308827596
-0.5482355679345802,-0.771377596046779,-0.771377596046779
0.8518217807945667,-0.350147371885409,-0.350147371885409
0.99896321309513,-0.018881778862238553,-0.018881778862238553
0.9973962375378691,0.02006229680235542,0.02006229680235542
0.9979628105273903,-0.03312738528225729,-0.03312738528225729
0.9999526721629388,-0.0004973050203903319,-0.0004973050203903319
0.9712743810380727,0.1780205623610758,0.1780205623610758
0.9490069296631622,-0.26678399246222506,-0.26678399246222506
0.9746437103583382,0.17443663374094348,0.17443663374094348
0.9773405258539559,-0.10840931174997426,-0.10840931174997426
0.9951918611767512,0.021297067825783847,0.021297067825783847
0.9081289307738122,0.3230562048623868,0.3230562048623868
0.9526960621977464,0.23623652342800378,0.23623652342800378
0.9787839995936413,0.1538630768794037,0.1538630768794037
0.9906913242282591,0.11388958698958597,0.11388958698958597
0.9582808325933344,0.18408756126135137,0.18408756126135137
0.966961455289286,-0.17761663057557328,-0.17761663057557328
0.7844567118878195,-0.34117146298713474,-0.34117146298713474
0.9999244134339985,0.0026127933284092624,0.0026127933284092624
0.9904127806584386,0.10231556024831082,0.10231556024831082
0.9964313090456403,-0.08091599436009747,-0.08091599436009747
0.9716605647787784,-0.13013260813220903,-0.13013260813220903
0.9615924777328976,0.1024632359890768,0.1024632359890768
0.9678925388010373,0.17279518061841717,0.17279518061841717
0.9964213437242694,-0.011478817050447948,-0.011478817050447948
0.8553609756678834,-0.355268495066437,-0.355268495066437
0.9867127850969524,-0.121875924813094,-0.121875924813094
0.9989940033829412,0.040160369465475375,0.040160369465475375
0.9782099667721937,-0.14886854866956054,-0.14886854866956054
0.9989138055543273,-0.03086745373514459,-0.03086745373514459
0.9939840089580991,-0.07793533410089952,-0.07793533410089952
0.9993011391187173,-0.02329170075861633,-0.02329170075861633
0.9982547412130491,0.02492983115869401,0.02492983115869401
0.978338403828734,0.13382950224484064,0.13382950224484064
0.998194827331448,0.04774120449810799,0.04774120449810799
0.9946492399613359,-0.09587177444083621,-0.09587177444083621
0.9927114622498148,0.06499948475738929,0.06499948475738929
0.9816995163111398,0.147047879790923,0.147047879790923
0.9569876181328956,0.22081452022871145,0.22081452022871145
0.9991485388216125,0.024481845443395725,0.024481845443395725
0.9798165801764337,-0.10189516311785528,-0.10189516311785528
0.9861656765013821,-0.10220575209773808,-0.10220575209773808
0.966107006030281,-0.20303580251537673,-0.20303580251537673
0.9997876225547057,-0.0033712994874055126,-0.0033712994874055126
0.9985605608347032,-0.04839286860543548,-0.04839286860543548
0.986864163086961,-0.09080285807664633,-0.09080285807664633
0.9712482786316294,0.17584164897928176,0.17584164897928176
0.9957044988832157,0.06194636301427912,0.06194636301427912
0.9925041206631113,-0.09296555196817505,-0.09296555196817505
0.9707326894229747,-0.19668124093684866,-0.19668124093684866
0.9668197221153292,-0.1703099161335252,-0.1703099161335252
0.996714654397768,-0.062063772598142136,-0.062063772598142136
0.9999425007031183,-0.01069827510896083,-0.01069827510896083
0.9336966742884162,0.1635450384752739,0.1635450384752739
0.9325101402083178,0.2808578067151028,0.2808578067151028
0.9602716426012623,0.15725711716569393,0.15725711716569393
0.9928023634528539,-0.04385035534041571,-0.04385035534041571
0.9784967198511602,-0.14669742523619803,-0.14669742523619803
0.9462032298770398,-0.22230311402511668,-0.22230311402511668
0.9288134101590798,0.11750279275214538,0.11750279275214538
0.9941330484517032,-0.03250567197140559,-0.03250567197140559
0.8846074822888113,0.34647054166713914,0.34647054166713914
-0.5759457179477647,-0.6958502720407974,-0.6958502720407974
0.6220876344101396,-0.600952244245275,-0.600952244245275
0.8098516048645676,-0.4006892427988014,-0.4006892427988014
0.8828428441056982,-0.17876787995905427,-0.17876787995905427
0.9578193151517499,0.19441410973410356,0.19441410973410356
0.9931206371709514,-0.10723434880950578,-0.10723434880950578
0.9655430491564727,0.18942524059704102,0.18942524059704102
0.9736012618301337,0.07102351594929478,0.07102351594929478
-0.06512347412691838,0.630794487799517,0.630794487799517
0.8788346313781096,0.20099827061830447,0.20099827061830447
-0.23389188114793916,0.3836224303694051,0.3836224303694051
0.9995862325642657,-0.01715457040318744,-0.01715457040318744
0.9994377890681615,-0.03321205482183532,-0.03321205482183532
0.8490270423634954,-0.4690272631364003,-0.4690272631364003
0.9982253178437411,-0.05915189538940431,-0.05915189538940431
0.9808797999725345,0.12035712892699152,0.12035712892699152
0.9808361761571156,0.16045549337378284,0.16045549337378284
0.9383090138459269,0.24217015851031054,0.24217015851031054
0.7803676324550141,-0.42719524621745375,-0.42719524621745375
0.8131183069154719,-0.3305775921392194,-0.3305775921392194
0.9836085794878408,0.08113269746110129,0.08113269746110129
0.9596887632318811,0.2258214347328537,0.2258214347328537
0.8827222833486836,0.3707381342361865,0.3707381342361865
0.7834383014929688,-0.307749148121001,-0.307749148121001
0.926921791484861,0.21125158724047474,0.21125158724047474
0.8894433124529811,0.3141554497472788,0.3141554497472788
0.9987838001425472,-0.047963653419967896,-0.047963653419967896
0.9133366490150399,-0.1725489539168806,-0.1725489539168806
0.9345031401369513,-0.2019868128064784,-0.2019868128064784
0.9920033065582862,0.007242632210892964,0.007242632210892964
0.4661587752095442,0.7091143312989229,0.7091143312989229
0.9896194276418967,0.11481721219435927,0.11481721219435927
0.9910348861842202,0.08773820373320214,0.08773820373320214
0.8783996622500783,-0.36706975857493873,-0.36706975857493873
0.8666151248298676,0.34239012580448364,0.34239012580448364
0.9610440592672264,-0.2105751663642736,-0.2105751663642736
0.9642546272703331,0.20580637621976566,0.20580637621976566
0.8569140840579264,-0.3624689931070284,-0.3624689931070284
0.9835923001921196,0.12080608481406863,0.12080608481406863
0.8686216643863495,0.31271534694238734,0.31271534694238734
0.9920791632429471,-0.09759525536956794,-0.09759525536956794
0.8702849902738964,0.34840691337691965,0.34840691337691965
1.0,0.0,0.0
1.0,0.0,0.0
1.0,0.0,0.0
1.0,0.0,0.0
1.0,0.0,0.0
1.0,0.0,0.0
1.0,0.0,0.0
1.0,0.0,0.0
1.0,0.0,0.0
1.0,0.0,0.0
1.0,0.0,0.0
1.0,0.0,0.0
1.0,0.0,0.0
1.0,0.0,0.0
1.0,0.0,0.0
1.0,0.0,0.0
1.0,0.0,0.0
1.0,0.0,0.0
1.0,0.0,0.0
1.0,0.0,0.0
1.0,0.0,0.0
1.0,0.0,0.0
1.0,0.0,0.0
1.0,0.0,0.0
1.0,0.0,0.0
1.0,0.0,0.0
1.0,0.0,0.0
1.0,0.0,0.0
1.0,0.0,0.0
1.0,0.0,0.0
1.0,0.0,0.0
1.0,0.0,0.0
1.0,0.0,0.0
1.0,0.0,0.0
1.0,0.0,0.0
1.0,0.0,0.0
1.0,0.0,0.0
1.0,0.0,0.0
1.0,0.0,0.0
1.0,0.0,0.0
1.0,0.0,0.0
1.0,0.0,0.0
1.0,0.0,0.0
1.0,0.0,0.0
1.0,0.0,0.0
1.0,0.0,0.0
1.0,0.0,0.0
1.0,0.0,0.0
1.0,0.0,0.0
1.0,0.0,0.0
1.0,0.0,0.0
1.0,0.0,0.0
1.0,0.0,0.0
1.0,0.0,0.0
1.0,0.0,0.0
1.0,0.0,0.0
1.0,0.0,0.0
1.0,0.0,0.0
1.0,0.0,0.0
1.0,0.0,0.0
1.0,0.0,0.0
1.0,0.0,0.0
1.0,0.0,0.0
1.0,0.0,0.0
1.0,0.0,0.0
1.0,0.0,0.0
1.0,0.0,0.0
1.0,0.0,0.0
1.0,0.0,0.0
1.0,0.0,0.0
1.0,0.0,0.0
1.0,0.0,0.0
1.0,0.0,0.0
1.0,0.0,0.0
1.0,0.0,0.0
1.0,0.0,0.0
1.0,0.0,0.0
1.0,0.0,0.0
1.0,0.0,0.0
1.0,0.0,0.0
1.0,0.0,0.0
1.0,0.0,0.0
1.0,0.0,0.0
1.0,0.0,0.0
1.0,0.0,0.0
1.0,0.0,0.0
1.0,0.0,0.0
1.0,0.0,0.0
1.0,0.0,0.0
1.0,0.0,0.0
1.0,0.0,0.0
1.0,0.0,0.0
1.0,0.0,0.0
1.0,0.0,0.0
1.0,0.0,0.0
1.0,0.0,0.0
1.0,0.0,0.0
1.0,0.0,0.0
1.0,0.0,0.0
1.0,0.0,0.0
1.0,0.0,0.0
1.0,0.0,0.0
1.0,0.0,0.0
1.0,0.0,0.0
1.0,0.0,0.0
1.0,0.0,0.0
1.0,0.0,0.0
1.0,0.0,0.0
1.0,0.0,0.0
1.0,0.0,0.0
1.0,0.0,0.0
1.0,0.0,0.0
1.0,0.0,0.0
1.0,0.0,0.0
1.0,0.0,0.0
1.0,0.0,0.0
1.0,0.0,0.0
1.0,0.0,0.0
1.0,0.0,0.0
1.0,0.0,0.0
1.0,0.0,0.0
1.0,0.0,0.0
1.0,0.0,0.0
1.0,0.0,0.0
1.0,0.0,0.0
1.0,0.0,0.0
1.0,0.0,0.0
1.0,0.0,0.0
1.0,0.0,0.0
1.0,0.0,0.0
1.0,0.0,0.0
1.0,0.0,0.0
1.0,0.0,0.0
1.0,0.0,0.0
1.0,0.0,0.0
1.0,0.0,0.0
1.0,0.0,0.0
1.0,0.0,0.0
1.0,0.0,0.0
1.0,0.0,0.0
1.0,0.0,0.0
1.0,0.0,0.0
1.0,0.0,0.0
1.0,0.0,0.0
1.0,0.0,0.0
1.0,0.0,0.0
1.0,0.0,0.0
1.0,0.0,0.0
1.0,0.0,0.0
1.0,0.0,0.0
1.0,0.0,0.0
1.0,0.0,0.0
1.0,0.0,0.0
1.0,0.0,0.0
1.0,0.0,0.0
1.0,0.0,0.0
1.0,0.0,0.0
1.0,0.0,0.0
1.0,0.0,0.0
1.0,0.0,0.0
1.0,0.0,0.0
1.0,0.0,0.0
1.0,0.0,0.0
1.0,0.0,0.0
1.0,0.0,0.0
1.0,0.0,0.0
1.0,0.0,0.0
1.0,0.0,0.0
1.0,0.0,0.0
1.0,0.0,0.0
1.0,0.0,0.0
1.0,0.0,0.0
1.0,0.0,0.0
1.0,0.0,0.0
1.0,0.0,0.0
1.0,0.0,0.0
1.0,0.0,0.0
1.0,0.0,0.0
1.0,0.0,0.0
1.0,0.0,0.0
1.0,0.0,0.0
1.0,0.0,0.0
1.0,0.0,0.0
1.0,0.0,0.0
1.0,0.0,0.0
1.0,0.0,0.0
1.0,0.0,0.0
1.0,0.0,0.0
1.0,0.0,0.0
1.0,0.0,0.0
1.0,0.0,0.0
1.0,0.0,0.0
1.0,0.0,0.0
1.0,0.0,0.0
1.0,0.0,0.0
1.0,0.0,0.0
1.0,0.0,0.0
1.0,0.0,0.0
1.0,0.0,0.0
1.0,0.0,0.0
1.0,0.0,0.0
1.0,0.0,0.0
1.0,0.0,0.0
1.0,0.0,0.0
1.0,0.0,0.0
1.0,0.0,0.0
1.0,0.0,0.0
1.0,0.0,0.0
1.0,0.0,0.0
1.0,0.0,0.0
1.0,0.0,0.0
1.0,0.0,0.0
1.0,0.0,0.0
1.0,0.0,0.0
1.0,0.0,0.0
1.0,0.0,0.0
1.0,0.0,0.0
1.0,0.0,0.0
1.0,0.0,0.0
1.0,0.0,0.0
1.0,0.0,0.0
1.0,0.0,0.0
1.0,0.0,0.0
1.0,0.0,0.0
1.0,0.0,0.0
1.0,0.0,0.0
1.0,0.0,0.0
1.0,0.0,0.0
1.0,0.0,0.0
1.0,0.0,0.0
1.0,0.0,0.0
1.0,0.0,0.0
1.0,0.0,0.0
1.0,0.0,0.0
1.0,0.0,0.0
1.0,0.0,0.0
1.0,0.0,0.0
1.0,0.0,0.0
1.0,0.0,0.0
1.0,0.0,0.0
1.0,0.0,0.0
1.0,0.0,0.0
1.0,0.0,0.0
1.0,0.0,0.0
1.0,0.0,0.0
1.0,0.0,0.0
1.0,0.0,0.0
1.0,0.0,0.0
1.0,0.0,0.0
1.0,0.0,0.0
1.0,0.0,0.0
1.0,0.0,0.0
1.0,0.0,0.0
1.0,0.0,0.0
1.0,0.0,0.0
1.0,0.0,0.0
1.0,0.0,0.0
1.0,0.0,0.0
