595
361
252
643
289
565
260
313
497
525
315
374
719
645
754
354
613
331
882
459
362
379
653
325
437
1363
492
869
1364
356
879
654
599
803
848
1008
833
528
1050
726
305
861
900
720
342
301
1092
664
1061
603
588
465
462
545
306
474
541
339
1118
1077
885
806
477
1215
1253
722
1060
888
1142
899
794
1086
1223
349
1034
444
424
976
956
427
901
898
834
774
903
415
724
700
386
890
1169
443
1298
981
1004
968
1103
894
350
1282
1152
348
777
710
1260
839
1081
816
749
472
1310
471
375
1205
1400
1000
1308
336
517
1139
312
786
891
396
1288
1219
456
909
1401
494
372
498
1258
693
332
972
696
317
858
716
345
370
1150
367
939
1106
539
912
851
1284
1067
690
1228
967
431
1075
1128
740
1246
870
1307
558
793
929
1380
1272
1193
876
1133
1070
1381
982
825
1033
715
660
727
964
1012
1175
681
809
942
359
965
828
791
393
1263
665
1195
823
1125
1043
847
470
659
1218
1259
1244
555
1254
590
538
422
673
795
294
1394
931
322
959
292
784
1395
1386
966
1023
1038
412
887
403
556
621
1382
1387
697
924
500
731
632
866
