600
667
358
309
927
1231
991
308
984
320
944
699
543
962
1225
746
537
1378
1306
1316
601
960
340
304
933
893
1377
435
985
1161
763
376
1113
1403
1058
423
468
1379
557
1402
319
1398
1036
904
1191
821
1399
410
797
491
327
686
1217
527
1112
1221
1137
745
741
1080
787
542
1045
928
1047
286
679
384
1145
285
341
478
648
598
744
418
464
970
461
1182
425
364
631
980
988
335
1396
578
400
310
433
266
571
482
278
892
323
411
1359
1397
880
277
378
810
316
346
611
419
573
694
1046
1030
651
889
521
799
1124
1237
1087
911
1178
691
1257
1096
1099
1266
807
1018
488
275
1063
1141
1055
639
1155
380
1236
1157
656
975
618
769
576
773
934
438
1388
993
723
642
743
992
867
738
1252
274
1148
392
1389
627
1009
1156
767
913
756
682
692
559
1091
849
1025
714
257
1149
417
785
512
680
1065
300
865
845
366
287
293
863
994
566
326
610
772
918
998
957
943
646
619
1059
1015
256
647
1031
1214
844
398
877
330
780
824
629
382
560
270
371
344
280
