1,2,6,85
0,4,20,26
0,7,9,99
4,6,8,158
1,3,14,130
10,18,64,187
0,3,9,23
2,26,52,134
3,11,12,121
2,6,136,-1
5,13,36,38
8,14,62,155
8,23,56,126
10,18,21,22
4,11,40,106
16,24,27,242
15,32,33,217
19,30,72,234
5,13,67,-1
17,27,44,85
1,40,69,242
13,28,140,-1
13,25,46,121
6,12,162,-1
15,105,193,241
22,28,163,170
1,7,48,118
15,19,30,32
21,25,86,198
34,47,56,245
17,27,116,-1
44,51,73,110
16,27,51,-1
16,45,49,127
29,60,80,237
47,54,55,142
10,38,128,138
43,76,146,153
10,36,62,68
41,45,92,177
14,20,172,706
39,71,109,179
50,70,96,108
37,89,157,180
19,31,103,135
33,39,111,148
22,67,101,132
29,35,88,102
26,69,71,112
33,109,242,1003
42,78,231,-1
31,32,111,-1
7,75,99,215
82,122,155,245
35,88,226,-1
35,131,245,-1
12,29,102,114
84,95,105,137
63,77,100,144
65,72,116,247
34,137,246,-1
75,93,98,143
11,38,94,106
58,66,149,-1
5,68,90,243
59,80,137,248
63,76,77,89
18,46,133,-1
38,64,94,915
20,48,109,1204
42,78,123,185
41,48,79,83
17,59,113,171
31,103,229,-1
83,97,112,124
52,61,79,107
37,66,141,-1
58,66,91,158
50,70,224,-1
71,75,92,93
34,65,114,165
90,122,129,131
53,84,238,246
71,74,154,184
57,82,117,216
0,19,113,135
28,87,120,176
86,119,236,-1
47,54,227,-1
43,66,104,130
64,81,133,244
77,125,173,203
39,79,115,-1
61,79,184,-1
62,68,178,1048
57,117,156,-1
42,134,139,160
74,145,150,190
61,159,168,-1
2,52,197,-1
58,161,173,-1
46,166,170,-1
47,56,196,-1
44,73,232,-1
89,147,149,152
24,57,116,156
14,62,167,907
75,110,168,197
42,139,190,-1
41,49,69,1300
31,107,115,195
45,51,115,-1
48,74,118,935
72,85,162,-1
56,80,162,-1
92,110,111,-1
30,59,105,-1
84,95,209,1220
26,112,145,192
87,120,240,-1
86,119,125,183
8,22,126,163
53,81,178,182
70,134,215,-1
74,150,154,1264
91,120,141,213
12,121,196,-1
33,148,239,1071
36,169,187,1280
81,182,201,-1
4,89,167,192
55,81,151,-1
46,142,166,196
67,90,151,-1
7,96,123,211
44,85,197,-1
9,158,211,-1
57,60,65,-1
36,140,169,175
96,108,145,174
21,138,176,-1
76,125,204,-1
35,132,151,191
61,159,185,215
58,160,161,211
97,118,139,164
37,157,235,-1
104,164,186,192
45,127,230,-1
63,104,181,-1
97,124,221,-1
131,133,142,-1
104,186,222,-1
37,175,204,207
83,124,219,-1
11,53,178,216
95,105,228,-1
43,146,222,1208
3,77,136,203
98,143,199,-1
96,144,181,194
100,144,202,-1
23,113,114,-1
25,121,183,-1
145,147,174,214
80,218,248,-1
101,132,205,-1
106,130,180,1020
98,107,206,-1
128,138,210,-1
25,101,208,-1
72,220,247,-1
40,216,241,732
91,100,212,-1
139,164,181,-1
138,153,180,189
86,140,204,-1
39,179,230,-1
94,122,155,1283
41,177,219,1013
43,167,175,658
149,160,174,-1
122,129,225,1271
120,163,203,-1
83,93,200,-1
70,143,188,200
147,152,223,1140
5,128,233,-1
185,199,224,-1
175,207,210,1269
97,108,200,-1
142,205,226,-1
118,130,147,1274
24,217,228,1312
160,202,231,-1
110,206,229,-1
102,126,132,-1
99,107,135,-1
28,208,236,-1
159,188,-1,-1
184,185,190,-1
129,244,1338,-1
161,194,-1,-1
91,158,183,-1
141,153,176,-1
166,191,-1,-1
168,195,-1,-1
153,189,235,-1
170,198,-1,-1
117,238,1335,-1
169,189,1339,-1
134,136,144,-1
173,213,-1,-1
125,212,240,-1
164,221,223,-1
52,123,143,-1
84,155,172,1293
16,193,239,-1
165,237,-1,-1
154,179,1318,-1
171,234,-1,-1
150,214,1342,-1
152,157,1337,-1
186,214,1309,-1
78,188,-1,-1
182,238,1344,-1
54,191,-1,-1
88,237,-1,-1
156,193,1343,-1
73,195,-1,-1
148,177,1348,-1
50,194,-1,-1
103,234,-1,-1
187,243,1333,-1
17,220,232,-1
146,207,1331,-1
87,198,-1,-1
34,218,227,-1
82,209,225,-1
127,217,1326,-1
119,213,-1,-1
24,172,242,416
15,20,49,241
64,233,244,1235
90,201,243,-1
29,53,55,246
60,82,245,-1
59,171,248,-1
65,165,247,-1
258,265,516,771
265,316,420,1359
267,607,1353,1356
254,260,315,361
259,271,314,389
252,260,328,515
267,279,390,406
257,270,344,371
256,300,849,992
249,299,426,1239
253,269,290,307
252,254,354,459
281,324,333,532
329,334,1366,1367
264,268,395,575
263,284,1361,1392
249,250,299,1360
277,278,316,491
251,255,429,513
263,447,1035,1362
259,302,731,1383
256,300,396,972
253,273,407,1573
811,1357,1366,1367
271,276,290,1296
275,287,392,576
274,380,521,531
273,288,414,1295
266,378,598,736
266,411,420,741
255,373,573,651
293,372,375,517
261,297,469,688
297,416,504,1312
284,291,466,895
264,283,295,634
286,327,400,482
285,319,425,797
274,326,610,877
276,394,407,735
313,347,374,875
259,273,452,1332
283,295,404,862
294,363,393,-1
280,366,559,680
292,359,409,673
284,291,440,446
311,321,455,458
281,282,368,842
311,321,353,536
258,265,434,-1
257,270,417,512
305,459,956,1364
269,355,621,887
357,387,841,906
309,320,410,537
301,354,806,1363
339,349,492,901
259,352,355,1334
320,423,443,543
304,350,376,1004
318,323,400,648
296,298,549,728
317,330,332,498
289,343,643,869
253,352,742,1548
252,497,638,1050
250,266,454,970
312,344,370,825
310,323,457,666
286,327,340,435
304,308,468,981
296,298,467,755
422,828,1383,1387
310,318,335,571
261,325,331,760
324,331,437,861
287,392,560,619
285,319,686,-1
254,391,564,782
262,338,473,1199
312,332,918,998
324,325,356,362
312,330,345,367
261,437,509,519
262,473,663,941
323,346,384,571
375,431,456,629
351,669,792,1373
329,1166,1368,-1
306,424,654,1034
319,435,471,746
461,464,892,1036
379,437,477,545
313,347,983,-1
256,317,696,772
332,367,786,912
335,364,611,963
289,343,428,526
349,415,710,1378
306,348,424,541
309,358,444,777
337,388,605,1374
307,314,854,1301
298,405,615,940
260,305,726,946
302,307,955,-1
331,362,525,588
303,484,1017,1353
350,386,667,763
294,393,558,964
502,515,702,875
252,379,497,509
331,356,474,958
292,383,758,926
346,384,631,-1
369,529,895,1385
293,398,767,845
332,345,1070,-1
297,416,553,732
365,421,636,826
317,371,498,809
256,370,646,693
280,398,858,1106
279,390,676,1124
289,428,645,879
280,336,716,957
309,410,763,-1
445,556,591,1375
277,411,744,783
342,361,509,528
275,639,692,694
401,503,585,951
396,494,566,824
363,409,591,759
335,364,410,1112
526,628,658,683
358,444,700,-1
303,484,798,1014
351,589,596,623
253,479,505,1371
255,373,581,662
328,522,815,878
274,326,438,1389
292,359,660,823
288,487,1104,1391
263,442,446,-1
270,382,539,693
399,485,843,1082
366,372,844,-1
397,489,678,750
285,310,430,478
381,448,530,540
404,533,597,-1
412,791,874,1391
291,402,510,752
353,536,649,830
255,513,651,1146
271,288,408,1371
407,1154,1372,1444
294,383,697,969
304,376,384,928
278,378,433,450
403,500,538,1390
449,592,776,1375
276,452,487,-1
348,472,541,774
241,282,368,1003
300,512,566,743
425,433,1137,-1
451,453,611,988
250,278,685,892
369,721,1384,-1
322,470,1381,1382
308,468,601,787
339,349,1103,-1
286,418,433,482
258,535,753,1010
443,588,903,968
347,374,630,-1
267,577,730,1356
400,439,486,-1
336,690,727,740
455,467,483,-1
411,418,425,450
299,454,655,-1
319,340,699,893
460,506,508,818
325,333,342,900
392,799,1388,-1
430,457,493,1074
295,604,752,-1
448,524,881,938
395,447,483,-1
308,427,722,749
350,386,545,888
377,617,921,1395
295,395,518,604
268,442,455,1105
401,441,520,948
413,1062,1202,1376
411,433,480,562
419,490,765,-1
290,414,1383,-1
419,490,810,897
316,434,736,-1
296,432,447,635
336,517,740,877
318,439,652,850
296,635,684,-1
260,301,462,875
436,586,778,817
341,464,542,578
459,465,477,956
501,506,570,987
341,461,787,810
462,474,882,901
283,597,636,930
321,432,582,1159
320,423,1047,-1
281,504,519,-1
422,847,1380,-1
340,600,724,816
415,839,1377,-1
329,334,808,950
362,465,477,968
495,586,860,873
502,532,958,1002
342,462,474,777
400,648,686,-1
389,481,641,1369
450,493,574,859
479,507,591,1184
285,425,486,-1
432,442,518,-1
357,387,650,-1
397,489,1229,-1
430,482,493,-1
394,414,1387,-1
608,639,642,889
399,485,552,626
451,453,499,523
266,527,1058,1399
306,645,754,882
439,480,486,831
382,539,891,-1
475,672,691,853
499,550,552,832
315,361,833,974
312,370,647,1075
490,496,523,550
412,538,632,1079
463,594,775,1384
360,476,568,907
381,514,954,999
282,469,868,1330
389,507,742,1596
436,463,554,1011
481,505,592,695
436,554,717,-1
333,361,379,914
404,533,1054,1078
565,595,701,958
300,417,1252,-1
267,406,606,873
503,530,734,1267
254,360,568,815
249,685,750,753
280,456,647,1075
446,483,582,1097
333,469,914,-1
448,569,584,-1
275,576,889,1144
391,705,935,1264
490,499,908,-1
441,567,569,1167
356,599,719,1122
347,385,548,702
491,557,970,1403
379,545,833,-1
365,563,567,977
401,514,584,-1
275,694,711,799
261,476,553,568
402,510,623,1064
609,663,1121,1366
426,655,733,1177
298,405,837,951
304,543,745,777
412,500,727,1043
396,494,715,1246
401,585,1068,-1
349,415,803,-1
461,578,904,1191
308,537,968,1036
551,579,748,813
342,444,528,888
547,579,768,805
546,551,709,1123
526,616,630,683
311,583,684,718
496,499,669,1007
544,547,817,1005
489,496,626,908
368,532,706,732
506,508,1029,1057
590,731,809,828
377,866,931,1395
527,1225,1398,-1
359,793,851,1067
293,618,714,767
326,780,1000,1401
657,712,945,1356
450,637,783,-1
529,640,826,-1
328,638,705,-1
511,613,719,804
382,417,756,-1
524,529,640,881
502,515,532,706
520,524,1024,-1
463,594,856,1216
323,335,745,897
616,661,1088,1249
279,676,820,975
480,637,802,831
263,1256,1393,-1
274,521,627,1063
429,820,829,-1
461,542,880,1396
544,546,781,-1
775,836,1384,-1
390,751,1353,-1
467,518,622,952
549,814,949,1162
520,530,734,-1
381,540,708,789
460,475,677,717
661,674,915,1235
356,427,599,722
388,593,652,792
555,791,964,969
377,383,481,641
413,507,695,932
589,687,704,-1
501,570,1143,-1
511,613,754,990
388,605,850,1078
402,466,871,-1
277,744,1399,-1
525,588,848,-1
471,667,890,985
423,749,821,-1
606,607,663,675
664,720,885,1364
440,446,1209,-1
351,596,832,1042
513,602,747,941
251,602,841,945
488,807,996,1046
534,1162,1362,1365
287,692,1015,1059
346,419,631,765
620,895,979,1361
565,595,1008,-1
628,658,989,1208
353,755,800,-1
548,572,915,1280
445,1110,1376,-1
559,773,1055,1124
326,1015,1400,-1
612,728,951,999
302,1244,1382,-1
582,625,770,819
388,533,687,1098
632,689,874,924
622,733,838,1084
489,552,1192,-1
576,646,738,992
385,614,983,1212
336,909,943,1059
428,548,1088,-1
364,611,928,-1
500,624,846,1218
644,856,1109,1392
284,930,1392,-1
455,458,1207,-1
369,466,721,871
562,574,812,-1
315,564,974,-1
380,488,682,1046
563,567,1026,1374
479,591,731,969
488,773,807,1149
313,653,1179,1364
633,757,884,953
374,492,654,1185
371,627,647,877
498,517,646,680
310,478,1217,-1
405,761,922,1203
484,919,973,-1
279,406,1055,1155
457,589,666,704
643,720,869,-1
339,645,879,-1
434,535,995,-1
670,743,769,1063
561,671,764,1039
180,385,614,1020
665,681,1038,-1
393,851,1012,-1
572,587,1163,1222
390,751,1135,1304
334,534,602,841
603,1223,1363,-1
659,715,965,1395
318,652,963,-1
358,600,700,1161
711,739,905,1367
337,550,707,1158
656,709,886,1085
657,698,703,1093
495,677,1018,1049
294,697,942,-1
587,701,725,1002
602,817,1011,1121
373,573,1236,-1
586,672,1027,-1
399,938,1044,1119
741,745,892,1036
293,647,738,785
659,715,823,1228
639,692,1065,-1
385,548,1213,1269
458,549,978,-1
420,516,788,859
327,478,985,-1
593,623,1064,-1
281,760,842,-1
624,855,857,1115
431,909,982,1128
495,723,911,1018
380,610,682,-1
371,396,1000,1133
380,531,1276,-1
507,592,1245,1532
344,929,972,-1
409,673,924,925
671,734,766,840
435,894,944,-1
386,667,1215,-1
511,674,779,990
360,526,907,1020
671,729,766,1170
593,652,1074,-1
522,564,1147,1194
40,553,568,1204
669,902,1007,-1
585,789,830,1089
547,670,768,1021
348,901,933,968
531,668,713,1144
561,764,986,1029
711,739,805,1114
559,773,957,-1
539,665,681,1133
375,858,876,-1
508,586,971,-1
549,814,940,-1
525,565,804,848
603,653,885,-1
421,636,1143,-1
443,588,1060,-1
691,849,934,1141
471,806,890,894
674,779,997,1183
354,806,1050,-1
431,538,876,982
311,620,1162,1362
703,836,977,1385
429,829,860,986
269,555,641,931
172,368,553,1293
535,625,819,995
514,584,698,840
288,872,1126,1154
277,454,1255,-1
835,837,862,1042
627,680,1055,1155
668,713,896,-1
431,456,791,1067
278,679,797,1058
314,505,1134,1478
417,656,756,1099
378,598,1221,-1
537,571,679,797
340,797,816,1231
606,817,873,1123
544,937,953,1121
443,601,1081,-1
399,516,832,1119
581,662,1017,-1
404,440,1051,-1
426,516,1084,1203
492,595,803,1211
321,615,1247,-1
566,743,913,-1
644,1138,1393,-1
363,759,1180,-1
383,758,1022,1102
324,688,1122,-1
649,800,1010,1032
802,812,838,1181
358,376,1112,-1
657,712,1170,-1
451,611,1158,-1
698,703,1024,-1
366,559,1157,-1
546,709,1087,-1
656,913,1087,1389
622,838,1097,-1
249,843,947,1286
344,849,998,-1
618,642,714,1178
415,839,903,1118
501,580,1057,-1
413,932,1117,1273
350,477,537,816
460,818,1005,1174
701,725,1240,-1
560,824,863,1139
579,805,920,-1
328,878,946,-1
378,562,1232,-1
1195,1386,1390,-1
680,865,867,918
345,912,1031,-1
423,464,821,980
685,832,850,897
585,708,1130,-1
852,1022,1187,1206
403,590,740,828
337,589,1198,-1
558,942,1128,1150
834,885,899,976
825,887,931,966
857,864,1187,1230
286,741,745,746
387,954,1006,1095
438,531,1114,-1
615,761,1019,-1
857,883,1188,1242
574,762,1054,1172
541,754,1008,-1
565,719,1240,-1
546,713,781,1251
305,724,726,1086
608,642,1030,-1
473,827,950,1037
370,555,931,1133
453,464,980,1131
272,822,896,937
637,762,1069,-1
544,953,1101,-1
583,718,1006,1227
391,515,935,1274
471,746,777,956
460,551,675,747
436,778,1216,-1
622,733,1159,-1
573,577,1096,-1
601,787,1191,-1
811,1116,1357,-1
393,681,1012,1023
382,780,891,994
317,795,929,1070
369,563,1094,-1
808,996,1135,1146
322,555,791,1075
577,730,1287,-1
405,708,1056,1132
493,574,1275,-1
496,605,750,788
497,528,1215,-1
794,898,927,1169
737,881,895,951
580,729,1277,-1
536,737,952,1203
625,762,770,1069
472,774,1306,-1
698,734,1305,-1
303,607,663,1095
297,688,917,1262
397,771,1001,1289
398,845,1219,-1
366,844,865,1156
632,855,1079,-1
470,1193,1386,-1
599,719,1077,-1
257,723,772,1148
457,596,788,859
558,660,939,1401
790,864,1102,1189
495,873,1085,1141
352,955,1028,1315
689,846,883,-1
570,633,884,1186
689,796,801,1076
372,716,1272,-1
480,685,850,1172
475,730,971,1173
325,900,1060,-1
291,737,952,1078
780,994,1389,-1
796,852,1115,1224
785,845,1009,1214
556,959,966,1190
785,975,993,1155
504,1003,1071,1072
313,653,1092,-1
912,967,1033,1381
597,636,1098,-1
735,1104,1168,1241
475,513,747,853
403,624,969,1369
289,360,459,882
716,727,1043,-1
287,456,646,1000
391,782,1016,1294
374,654,1061,-1
578,1233,1397,-1
441,567,835,1042
465,492,875,958
801,855,1165,1238
644,856,1265,-1
603,720,794,976
670,1021,1049,1099
302,795,1066,1259
444,545,1142,-1
488,521,1055,1146
600,724,1253,-1
494,824,1228,-1
341,420,679,897
435,944,991,1137
699,724,1086,-1
283,365,612,835
739,811,920,-1
453,571,788,892
834,899,1034,1260
794,898,1092,-1
437,861,1142,-1
306,465,710,1169
707,1026,1373,-1
427,774,1077,1081
542,1045,1306,1377
668,1276,1368,-1
303,910,923,1014
106,502,702,1048
523,552,1131,-1
629,690,1205,-1
906,923,1129,-1
691,934,1173,-1
345,786,870,1033
756,769,994,-1
509,519,1279,-1
68,587,616,1048
1013,1072,1147,1300
842,1041,1127,1311
330,785,1025,1031
650,954,1267,-1
781,896,937,-1
445,926,1038,1110
649,1032,1044,1056
906,910,950,1052
624,697,1040,1254
697,1040,1102,-1
363,921,1023,1180
834,960,991,1231
410,631,1047,-1
696,825,1125,-1
466,634,1186,-1
556,731,795,809
592,776,1134,1562
710,1036,1058,1378
723,911,993,1091
112,522,815,1204
947,1360,1397,-1
748,811,920,1268
441,678,948,1192
851,1150,1400,-1
353,718,1132,-1
334,606,1144,1146
673,793,1175,-1
629,957,1149,-1
699,893,1282,-1
561,607,1011,1093
354,782,1107,-1
771,936,1001,-1
448,938,1068,-1
583,978,1199,1365
473,808,923,1052
381,536,620,835
582,837,862,1084
644,748,813,1138
503,798,919,1130
355,854,1066,-1
301,462,816,1169
375,714,943,-1
362,476,511,882
866,1263,1394,-1
927,962,1113,1399
1028,1117,1134,1226
960,1260,1398,-1
346,666,1198,-1
359,590,1067,1133
665,1246,1394,-1
795,866,1125,1248
870,1288,1380,-1
427,474,543,710
409,590,641,874
316,527,1145,-1
717,860,1053,-1
270,696,1307,-1
650,1314,1354,-1
497,638,1299,-1
573,867,1009,1096
794,885,1152,-1
529,729,1024,-1
684,949,1151,-1
612,987,1093,1385
787,810,988,-1
320,1004,1060,-1
690,727,1218,-1
343,628,1179,-1
1103,1225,1403,-1
600,686,1161,-1
712,730,1053,-1
463,979,1011,1109
419,980,1047,-1
614,1016,1108,1261
595,701,1163,-1
893,927,1113,1152
257,627,1063,1141
867,934,1025,1257
824,863,913,-1
655,733,1255,-1
608,827,1037,1100
725,1270,1271,1283
330,772,1091,-1
503,620,1093,1095
560,693,877,1067
843,947,1229,-1
476,674,1048,1283
49,416,868,1300
309,981,1142,-1
551,778,1101,1176
798,814,1111,1171
550,707,1290,-1
613,803,1118,-1
865,975,1156,-1
426,761,1019,1239
506,675,945,987
660,823,1284,-1
179,916,1201,1348
387,906,1111,-1
610,619,1308,-1
878,989,1140,1274
357,751,1129,-1
672,691,1148,-1
800,1010,1177,-1
167,658,702,1274
709,886,1176,-1
759,790,1090,1184
823,926,1038,-1
569,766,977,-1
918,993,1091,-1
640,902,1167,-1
677,1049,1174,-1
854,961,1196,1285
554,712,1053,1234
807,1100,1178,-1
786,918,1214,-1
761,922,1325,-1
870,912,1244,-1
339,898,1061,1298
268,1105,1116,1358
341,543,679,933
808,996,1166,-1
659,921,1023,-1
657,1305,1355,-1
924,925,1115,-1
917,1220,1270,1293
605,737,881,1119
538,876,1195,-1
678,922,1082,1153
904,1080,1396,-1
608,639,1313,-1
468,928,988,-1
94,907,915,1002
672,886,1027,1266
315,726,1253,-1
752,1054,1181,-1
923,950,1291,-1
971,986,1029,-1
510,802,1051,1275
618,651,738,889
830,922,1089,-1
554,775,1234,-1
491,741,933,1231
610,629,1065,1205
722,861,981,-1
879,1034,1092,-1
449,1073,1200,1243
576,656,992,1085
533,687,1302,-1
682,1059,1149,-1
887,955,1248,-1
558,740,964,1000
540,948,1153,-1
812,838,1232,-1
367,825,1259,-1
127,868,1197,1326
868,916,1197,1279
1062,1083,1210,1319
439,704,1302,-1
498,517,828,1381
857,1136,1242,1370
848,903,1118,-1
510,596,862,1172
500,846,1320,-1
1045,1182,1379,-1
749,903,1316,-1
397,1044,1289,-1
1073,1090,1160,1321
625,753,952,1172
670,853,1063,1123
806,894,1223,-1
768,769,1237,-1
572,630,1185,-1
708,1056,1153,-1
1022,1083,1164,1243
934,998,1025,-1
869,899,1061,-1
671,945,979,999
826,1098,1374,-1
798,841,999,1162
820,975,1257,-1
518,770,1209,-1
623,871,1094,-1
743,886,1266,-1
996,1030,1281,-1
813,1005,1265,-1
759,852,925,-1
424,984,1298,-1
394,872,1292,-1
447,1035,1207,-1
372,1193,1219,1380
946,1261,1363,-1
989,1140,1337,-1
633,987,1121,1361
617,921,1319,-1
1006,1014,1227,-1
384,763,1217,-1
960,991,1221,-1
713,799,1251,-1
689,864,1040,-1
822,1035,1256,-1
776,961,1250,1347
774,1008,1077,-1
678,750,1042,1203
1238,1241,1317,1595
534,675,748,1109
525,760,1311,-1
547,747,1085,1144
373,618,1157,1304
929,966,1263,-1
735,1168,1336,1552
917,1220,1262,-1
690,793,1175,1258
910,1017,1135,-1
789,954,1171,-1
810,908,1233,-1
830,940,1171,-1
693,715,809,964
742,932,961,1592
662,827,1129,1281
1076,1278,1370,1469
418,893,1221,-1
757,953,1268,-1
780,1284,1401,-1
186,1016,1108,1309
723,853,992,1155
888,900,1004,-1
594,721,1186,-1
521,711,941,1123
970,1182,1402,-1
406,827,889,941
705,916,1201,1299
849,1018,1252,-1
642,943,1065,-1
793,939,1308,-1
978,1207,1358,-1
976,991,1282,-1
1044,1068,1089,-1
408,735,1317,1550
651,738,867,1141
845,1009,1236,-1
767,1124,1236,-1
669,765,1198,-1
467,819,1247,-1
1083,1164,1352,-1
667,985,1217,-1
583,609,728,1095
661,990,1211,-1
1090,1160,1329,1553
883,1188,1327,-1
338,1037,1313,-1
524,1026,1290,-1
872,1126,1349,-1
834,901,956,1231
703,764,1277,-1
1006,1130,1132,-1
802,859,1078,1084
860,911,1287,-1
778,1027,1176,-1
942,1128,1254,-1
1005,1021,1174,-1
535,1019,1247,-1
773,1030,1322,-1
643,983,1261,-1
758,926,1321,-1
762,1051,1209,-1
1080,1145,1359,-1
725,1271,1338,-1
481,1022,1245,1278
645,1088,1211,-1
856,930,1143,-1
790,796,1278,1566
801,1165,1340,1556
852,1206,1323,-1
866,1250,1375,-1
542,821,1316,-1
626,938,1290,-1
847,1106,1272,-1
705,1264,1318,-1
784,1043,1272,-1
1028,1226,1324,-1
1071,1072,1348,-1
792,963,1158,-1
329,949,1291,-1
1062,1210,1328,1594
1013,1147,1318,-1
449,1273,1328,-1
649,753,837,1119
69,706,935,1300
909,1059,1258,-1
790,1189,1329,1568
635,1105,1151,-1
157,614,1212,1337
604,1097,1181,-1
1073,1200,1352,-1
754,1163,1185,-1
628,1208,1331,-1
683,1269,1331,-1
865,1031,1288,-1
700,833,1253,-1
570,818,1265,-1
648,1112,1161,-1
632,982,1254,-1
844,1106,1288,-1
117,1041,1127,1335
744,1113,1137,-1
661,1235,1333,-1
664,1086,1282,-1
864,1230,1323,-1
557,984,1310,-1
961,1196,1350,1571
814,1111,1291,-1
681,891,1284,-1
485,1001,1233,-1
796,1224,1340,1602
746,927,1058,1169
783,1069,1255,-1
880,1131,1229,-1
1029,1057,1277,-1
243,587,1222,1338
676,1156,1157,-1
1087,1251,1388,-1
883,1120,1297,1327
258,1010,1286,-1
779,804,1303,-1
872,1120,1297,1349
801,1076,1317,1433
1062,1090,1245,1455
621,1033,1259,-1
695,1184,1243,1505
539,965,1307,-1
755,1159,1177,-1
966,1066,1285,-1
572,1280,1333,-1
1117,1190,1285,-1
805,1114,1237,-1
512,1148,1266,-1
890,1050,1215,-1
924,1175,1218,-1
736,995,1232,-1
575,1116,1268,-1
993,1096,1287,-1
1128,1205,1308,-1
887,1070,1244,-1
898,962,1310,-1
989,1107,1179,-1
842,1127,1343,-1
959,1125,1307,-1
124,522,1194,1342
884,1101,1216,-1
1049,1099,1252,-1
514,919,1314,-1
937,1138,1256,-1
189,683,1213,1339
997,1041,1303,1341
182,997,1183,1344
858,1193,1195,-1
776,1202,1345,1561
192,815,1016,1020
831,1054,1302,-1
694,905,1313,-1
836,1170,1234,-1
1136,1184,1187,1585
914,1072,1299,-1
128,616,1249,1339
1100,1135,1322,-1
944,1152,1223,-1
178,997,1002,1293
1012,1139,1228,-1
1028,1248,1250,-1
771,1239,1325,-1
829,1173,1257,-1
967,1214,1219,-1
843,1082,1325,-1
1007,1167,1192,-1
1052,1199,1227,-1
1104,1320,1390,-1
216,732,1041,1283
878,1309,1342,-1
276,1296,1336,-1
273,1295,1346,1604
1238,1241,1320,-1
1034,1103,1310,-1
974,1147,1279,-1
109,916,1003,1204
352,1315,1351,1599
1064,1074,1275,-1
1240,1270,1311,-1
662,1124,1322,-1
840,1039,1314,-1
839,904,1316,-1
972,1246,1263,-1
1015,1150,1258,-1
223,1140,1294,-1
1225,1260,1298,-1
917,1122,1303,-1
193,282,1330,1343
1046,1166,1276,-1
973,1267,1305,-1
854,1301,1324,-1
1081,1191,1306,-1
1120,1154,1242,1482
219,1194,1201,-1
1073,1110,1321,-1
1079,1292,1297,-1
1083,1180,1319,-1
1178,1281,1304,-1
1189,1224,1648,-1
1196,1315,1636,-1
1032,1286,1289,-1
239,1071,1330,-1
1165,1238,1647,-1
1200,1202,1620,-1
1164,1206,1624,-1
504,1312,1326,-1
235,1212,1213,-1
290,1334,1346,-1
233,1222,1249,-1
307,1332,1351,-1
209,1220,1341,-1
1126,1295,1622,-1
222,1108,1208,-1
201,1183,1235,-1
210,1269,1280,-1
1188,1230,1623,-1
1270,1335,1344,-1
221,1264,1294,-1
228,1262,1312,-1
225,1271,1341,-1
1273,1347,1633,-1
1296,1332,1639,-1
1117,1345,1350,-1
230,1013,1197,-1
1168,1241,1640,-1
1226,1347,1635,-1
1301,1334,1649,-1
1160,1210,1626,-1
251,357,581,1354
973,1353,1355,-1
1039,1354,1356,-1
251,429,561,1355
272,822,1358,-1
1035,1151,1357,1365
250,1182,1360,1396
265,936,1359,-1
264,612,1109,1362
268,609,728,1361
305,664,1107,1364
301,603,643,1363
609,949,1358,1366
262,272,534,1365
262,272,668,1368
338,905,1367,-1
479,874,1370,1371
1076,1136,1369,1372
389,407,1369,1372
408,1370,1371,1554
337,902,1374,-1
351,640,1094,1373
377,413,1190,1376
449,617,1375,-1
472,904,1378,1379
348,933,1377,1403
1080,1377,1402,-1
470,967,1106,1381
422,870,1075,1380
422,621,1383,-1
269,322,452,1382
421,501,580,1385
365,729,979,1384
784,847,1387,-1
322,487,1386,1391
438,1237,1389,-1
392,769,863,1388
412,784,1292,1391
394,403,1387,1390
264,633,634,1393
575,757,1392,-1
959,965,1395,-1
445,556,665,1394
578,1045,1359,1397
880,936,1396,-1
557,962,1399,-1
491,598,960,1398
619,939,1401,-1
560,851,1139,1400
1145,1379,1403,-1
527,984,1378,1402
1405,1408,1653,-1
1404,1406,1411,1655
1405,1407,1410,1489
1406,1413,1564,1586
1404,1410,1475,-1
1412,1417,1486,1512
1406,1408,1472,1511
1405,1413,1549,-1
1409,1422,1464,-1
1407,1411,1525,1628
1416,1425,1429,1447
1429,1449,1467,1491
1414,1437,1504,1645
1409,1422,1523,1526
1428,1436,1440,1522
1440,1450,1468,1533
1426,1445,1479,1657
1432,1433,1482,1657
1412,1417,1483,1498
1433,1469,1541,1656
1434,1441,1487,1495
1414,1431,1437,1439
1420,1492,1501,1656
1432,1446,1482,1595
1418,1490,1530,1650
1414,1415,1494,1497
1448,1452,1461,1527
1425,1442,1459,1510
1421,1427,1466,1484
1242,1421,1423,1463
1424,1469,1554,1656
1444,1451,1554,1657
1418,1438,1460,1490
1416,1425,1574,-1
1436,1450,1454,-1
1425,1442,1467,-1
1418,1419,1520,1559
1424,1505,1585,1654
1431,1439,1465,1600
1446,1456,1535,1545
408,1435,1457,1550
1420,1462,1518,1617
1427,1443,1502,1593
1414,1474,1497,1506
1430,1488,1643,-1
1415,1494,1638,-1
1419,1438,1535,-1
1435,1457,1471,1551
1430,1481,1501,1531
1462,1499,1509,1560
1438,1456,1460,1629
1243,1505,1538,1654
1443,1454,1550,1552
1444,1451,1460,1573
1498,1508,1521,1569
1431,1471,1478,1548
1436,1454,1457,1555
1430,1488,1534,1597
1445,1453,1484,1529
1433,1466,1536,1556
1412,1515,1516,-1
1442,1519,1540,1544
1432,1463,1589,1601
1415,1439,1544,-1
1419,1520,1641,-1
1136,1423,1434,1585
1538,1549,1610,1655
1451,1459,1474,1476
1410,1481,1576,1578
1480,1504,1574,1661
1447,1471,1485,1524
1408,1514,1659,-1
1471,1478,1500,1596
1493,1525,1542,1570
742,1459,1476,1592
1420,1518,1551,1565
1473,1530,1588,1660
1452,1472,1514,1608
1317,1421,1427,1550
1422,1516,1517,1521
1432,1462,1499,1502
1474,1496,1507,1567
1409,1491,1579,1580
1424,1489,1492,1507
1448,1461,1637,-1
1406,1487,1528,1564
1428,1436,1588,-1
1415,1486,1515,1605
1426,1487,1528,1565
1477,1543,1646,-1
1429,1449,1642,-1
1424,1500,1532,1596
1485,1526,1580,-1
1429,1447,1580,-1
1422,1458,1546,-1
1453,1484,1601,-1
1476,1495,1507,1517
1426,1452,1534,1576
1446,1484,1539,-1
1513,1558,1621,1659
1416,1473,1506,1582
1245,1441,1455,1532
1447,1504,1563,-1
1485,1487,1500,1526
1458,1561,1590,-1
1453,1577,1583,-1
1431,1548,1575,1599
1410,1578,1586,-1
1409,1579,1584,-1
1503,1541,1566,1602
1475,1481,1558,-1
1464,1491,1544,-1
1464,1483,1519,1625
1483,1500,1562,1592
1445,1479,1611,-1
1465,1516,1571,1592
1440,1468,1644,-1
1458,1483,1561,1562
1418,1551,1557,1559
1417,1542,1584,1630
1474,1551,1563,1567
1413,1477,1543,1591
1417,1496,1507,1630
1430,1531,1614,-1
1489,1492,1576,-1
1462,1533,1583,1611
1428,1480,1557,1581
1452,1527,1541,1558
695,1495,1505,1562
1419,1529,1539,1607
1461,1501,1617,-1
1443,1450,1539,-1
1463,1541,1587,1614
1553,1626,1653,-1
1455,1470,1569,1594
1502,1533,1535,-1
1465,1571,1636,-1
1423,1513,1531,1536
1477,1523,1546,1609
1493,1525,1651,-1
1465,1467,1515,-1
1443,1552,1640,-1
1498,1542,1598,-1
1568,1648,1659,-1
314,1459,1510,1573
1411,1470,1570,-1
1154,1444,1456,1482
1451,1479,1522,1524
1126,1456,1545,1622
1164,1537,1624,1652
1372,1434,1435,1596
1460,1572,1573,1604
1188,1463,1587,1589
1522,1530,1563,-1
1503,1514,1531,-1
1440,1522,1611,-1
1453,1577,1597,1617
1273,1508,1521,1633
932,1517,1521,1532
1506,1524,1557,-1
1407,1489,1591,-1
1479,1492,1567,-1
1187,1513,1585,1658
1485,1524,1565,-1
1206,1547,1624,1658
1458,1538,1590,1598
1477,1549,1598,-1
1226,1519,1540,1635
1555,1575,1588,1606
271,1457,1548,1555
1437,1473,1575,-1
1510,1572,1574,1615
1472,1501,1528,-1
1509,1560,1612,-1
1472,1511,1613,-1
1486,1512,1616,-1
1486,1496,1497,-1
1530,1634,1660,-1
1504,1632,1661,-1
1509,1529,1618,-1
1512,1523,1619,-1
1278,1441,1469,1566
1407,1511,1627,-1
1536,1556,1623,-1
1480,1490,1572,-1
1466,1556,1647,-1
1508,1569,1620,-1
1525,1564,1630,-1
1134,1478,1517,1519
1446,1595,1640,-1
1200,1538,1610,1620
1120,1427,1593,1647
505,1476,1495,1554
1461,1560,1603,1631
1546,1569,1570,-1
1301,1510,1600,1649
1442,1599,1636,-1
1466,1499,1631,-1
1230,1513,1621,1623
1597,1612,1637,-1
1296,1555,1629,1639
1491,1616,1638,-1
1572,1615,1639,-1
1533,1618,1641,-1
1481,1613,1643,-1
1542,1619,1646,-1
1470,1594,1626,-1
1518,1529,1559,-1
1577,1603,-1,-1
1578,1608,-1,-1
1527,1536,1631,-1
1575,1606,1649,-1
1579,1605,-1,-1
1445,1534,1560,-1
1583,1607,-1,-1
1584,1609,-1,-1
1328,1590,1594,-1
1503,1602,1648,-1
1336,1552,1629,-1
1340,1587,1602,-1
1329,1553,1568,-1
1516,1633,1635,-1
1352,1537,1610,-1
1586,1628,-1,-1
1413,1627,1651,-1
1454,1604,1622,-1
1523,1526,1591,-1
1597,1601,1614,-1
1582,1645,-1,-1
1345,1561,1625,-1
1581,1650,-1,-1
1350,1571,1625,-1
1324,1540,1600,-1
1488,1603,-1,-1
1449,1605,-1,-1
1346,1604,1606,-1
1349,1545,1593,-1
1468,1607,-1,-1
1494,1645,-1,-1
1448,1608,-1,-1
1520,1650,-1,-1
1416,1632,1642,-1
1493,1609,-1,-1
1327,1589,1595,-1
1323,1547,1621,-1
1351,1599,1615,-1
1428,1634,1644,-1
1543,1628,-1,-1
1553,1653,1654,1658
1404,1537,1652,1655
1441,1455,1652,1655
1405,1470,1653,1654
1423,1426,1434,1657
1420,1421,1435,1656
1566,1568,1652,1659
1475,1503,1547,1658
1480,1581,1661,-1
1473,1582,1660,-1
