897
318
486
430
450
420
250
453
1360
1131
936
454
1233
666
963
765
451
736
783
562
265
457
493
439
490
480
788
685
523
908
299
434
947
1229
652
1198
1158
1255
1232
637
499
1001
850
831
1074
704
859
574
249
771
258
516
496
485
552
589
792
655
995
843
1069
812
832
669
550
1275
1302
593
489
1239
397
1286
802
750
1172
337
426
707
1007
838
596
762
626
535
399
733
753
388
1289
625
1054
1084
605
1064
687
1010
1325
607
906
663
272
811
937
554
1029
712
748
1052
675
357
1354
1355
923
813
1101
818
329
436
950
262
602
1353
910
1356
251
896
920
508
544
1053
473
986
1367
334
817
1005
778
338
1368
1017
551
460
1129
808
739
781
579
717
971
606
581
751
668
730
429
1176
1174
1037
267
905
747
1166
586
1135
941
547
827
713
805
546
513
829
577
390
860
662
475
255
711
1123
1281
873
996
1146
1144
1021
1027
677
1100
1276
709
406
1313
1114
1251
768
1173
1287
820
1304
1322
495
373
1085
279
886
1049
672
853
608
670
531
676
