171
220
165
218
119
240
236
173
212
170
208
103
232
231
88
227
159
199
229
166
205
168
206
226
161
202
78
224
123
215
9
136
211
102
126
196
99
135
197
163
183
203
23
113
114
162
234
87
213
237
198
100
101
73
54
194
98
195
191
50
188
143
70
247
248
47
144
132
120
72
44
80
107
91
25
134
52
2
158
121
6
12
56
85
61
42
185
58
86
46
125
160
35
142
17
28
34
31
110
96
75
77
22
59
65
29
19
7
0
3
8
200
21
108
93
141
176
30
63
67
181
55
60
151
51
115
139
13
79
66
116
137
27
245
190
184
18
140
204
76
174
32
149
133
131
92
111
246
26
1
4
11
145
10
71
89
15
53
105
57
97
83
5
138
164
104
153
16
90
37
81
39
45
82
118
48
130
38
62
155
20
242
14
74
36
147
64
122
156
41
33
175
95
24
43
84
169
187
150
154
207
146
217
238
214
152
244
177
148
129
112
192
68
94
178
49
69
109
106
167
180
40
172
216
241
128
124
235
193
228
189
210
117
209
221
157
222
233
243
186
223
179
219
127
239
230
201
182
225
1269
1280
1339
1264
1342
1013
1348
1271
1344
1235
1338
1220
1335
1312
1343
1208
1337
1333
416
706
935
1003
1204
1300
1318
1331
1071
1326
1140
1309
732
1283
1293
658
1020
1274
907
915
1048
1183
1341
1249
522
1194
916
1222
1201
683
1213
1197
282
1294
1330
1127
1262
1212
997
1041
868
1108
616
368
553
587
614
815
385
1016
1002
702
705
1147
725
1270
568
1072
504
297
391
917
842
878
572
661
548
502
628
989
674
526
532
515
779
1303
1299
564
476
1279
360
469
281
1311
328
1088
782
688
630
701
1163
983
1240
1261
990
261
254
1179
974
638
347
914
519
343
1122
760
428
1185
1211
946
1107
804
509
511
333
324
875
958
595
361
252
643
289
565
260
313
497
525
315
374
719
645
754
354
613
331
882
459
362
379
653
325
437
1363
492
869
1364
356
879
654
599
803
848
1008
833
528
1050
726
305
861
900
720
342
301
1092
664
1061
603
588
465
462
545
306
474
541
339
1118
1077
885
806
477
1215
1253
722
1060
888
1142
899
794
1086
1223
349
1034
444
424
976
956
427
901
898
834
774
903
415
724
700
386
890
1169
443
1298
981
1004
968
1103
894
350
1282
1152
348
777
710
1260
839
1081
816
749
472
1310
471
600
667
358
309
927
1231
991
308
984
320
944
699
543
962
1225
746
537
1378
1306
1316
601
960
340
304
933
893
1377
435
985
1161
763
376
1113
1403
1058
423
468
1379
557
1402
319
1398
1036
904
1191
821
1399
410
797
491
327
686
1217
527
1112
1221
1137
745
741
1080
787
542
1045
928
1047
286
679
384
1145
285
341
478
648
598
744
418
464
970
461
1182
425
364
631
980
988
335
1396
578
400
310
433
266
571
482
278
892
323
411
1359
1397
880
277
378
810
316
346
611
419
897
318
486
430
450
420
250
453
1360
1131
936
454
1233
666
963
765
451
736
783
562
265
457
493
439
490
480
788
685
523
908
299
434
947
1229
652
1198
1158
1255
1232
637
499
1001
850
831
1074
704
859
574
249
771
258
516
496
485
552
589
792
655
995
843
1069
812
832
669
550
1275
1302
593
489
1239
397
1286
802
750
1172
337
426
707
1007
838
596
762
626
535
399
733
753
388
1289
625
1054
1084
605
1064
687
1010
1325
351
1082
1078
1373
902
770
1019
1177
1290
1181
1051
819
1192
1119
510
1203
622
533
623
678
1044
761
1032
1042
1374
938
952
1026
1097
1209
1167
752
800
1247
1159
649
922
862
404
837
402
1098
1153
1094
582
737
640
948
518
1068
467
441
291
881
604
440
615
755
524
567
1056
1089
597
871
826
563
405
446
295
321
448
536
432
483
835
353
540
569
283
529
520
298
830
708
466
636
369
401
585
951
895
284
442
395
365
296
455
381
789
977
1132
940
1024
634
930
721
584
421
458
635
311
530
447
620
264
263
612
1130
718
766
1385
1171
503
729
734
1186
728
1143
549
684
1207
1105
268
1384
1392
514
698
1361
575
1393
580
999
836
954
840
1362
703
979
814
1006
1267
583
1035
594
671
1162
856
978
1151
919
1093
501
798
633
1095
1227
1116
1256
757
775
1111
1277
1305
1170
1358
949
609
987
1314
1109
570
884
1365
463
644
650
387
657
1291
1014
1357
822
1199
945
1268
1138
1057
1039
1234
841
973
764
534
484
1265
1216
1011
1366
1121
953
506
303
561
607
906
663
272
811
937
554
1029
712
748
1052
675
357
1354
1355
923
813
1101
818
329
436
950
262
602
1353
910
1356
251
896
920
508
544
1053
473
986
1367
334
817
1005
778
338
1368
1017
551
460
1129
808
739
781
579
717
971
606
581
751
668
730
429
1176
1174
1037
267
905
747
1166
586
1135
941
547
827
713
805
546
513
829
577
390
860
662
475
255
711
1123
1281
873
996
1146
1144
1021
1027
677
1100
1276
709
406
1313
1114
1251
768
1173
1287
820
1304
1322
495
373
1085
279
886
1049
672
853
608
670
531
676
573
694
1046
1030
651
889
521
799
1124
1237
1087
911
1178
691
1257
1096
1099
1266
807
1018
488
275
1063
1141
1055
639
1155
380
1236
1157
656
975
618
769
576
773
934
438
1388
993
723
642
743
992
867
738
1252
274
1148
392
1389
627
1009
1156
767
913
756
682
692
559
1091
849
1025
714
257
1149
417
785
512
680
1065
300
865
845
366
287
293
863
994
566
326
610
772
918
998
957
943
646
619
1059
1015
256
647
1031
1214
844
398
877
330
780
824
629
382
560
270
371
344
280
375
1205
1400
1000
1308
336
517
1139
312
786
891
396
1288
1219
456
909
1401
494
372
498
1258
693
332
972
696
317
858
716
345
370
1150
367
939
1106
539
912
851
1284
1067
690
1228
967
431
1075
1128
740
1246
870
1307
558
793
929
1380
1272
1193
876
1133
1070
1381
982
825
1033
715
660
727
964
1012
1175
681
809
942
359
965
828
791
393
1263
665
1195
823
1125
1043
847
470
659
1218
1259
1244
555
1254
590
538
422
673
795
294
1394
931
322
959
292
784
1395
1386
966
1023
1038
412
887
403
556
621
1382
1387
697
924
500
731
632
866
409
969
1390
1383
1391
363
302
269
445
926
1066
921
1248
624
925
1040
874
641
1079
846
377
383
758
487
591
1180
617
1190
1110
452
1292
355
955
394
414
1102
759
1285
1375
1115
689
1320
855
1250
1376
259
479
1104
1321
1319
1369
290
481
288
307
854
276
413
852
1028
1022
253
389
864
857
1117
1297
883
449
407
1371
872
1083
1073
273
507
592
352
776
1184
1076
1370
790
961
1238
1189
1334
1090
1332
1062
796
1315
1224
1165
1241
735
1196
801
1202
271
1168
1295
1160
1347
1210
314
505
742
932
1134
1136
1187
1278
1324
1323
1327
695
1243
1245
408
1120
1154
1242
1317
1372
1164
1206
1329
1200
1328
1301
1351
1273
1345
1349
1296
1346
1126
1336
1188
1230
1340
1226
1350
1352
1640
1552
1622
1636
1571
1635
1595
1647
1648
1561
1633
1553
1568
1624
1602
1623
1604
1639
1594
1620
1599
1649
1626
1556
1554
1596
1469
1566
1585
1548
1573
1478
1592
1444
1482
1550
1455
1505
1532
1562
1433
1545
1540
1593
1625
1547
1621
1629
1600
1537
1610
1589
1587
1508
1590
1652
1658
1513
1519
1555
1606
1456
1510
1427
1521
1615
1538
1434
1476
1435
1459
1463
1495
1441
1654
1457
1517
1423
1421
1659
1503
1465
1516
1443
1446
1653
1442
1454
1470
1458
1569
1466
1536
1572
1431
1460
1483
1575
1655
1541
1432
1471
1424
1451
1500
1656
1657
1475
1544
1558
1464
1535
1502
1439
1438
1404
1549
1498
1598
1601
1614
1425
1436
1422
1588
1405
1574
1531
1484
1514
1515
1467
1408
1412
1539
1450
1490
1437
1570
1499
1527
1411
1546
1631
1474
1487
1551
1507
1426
1420
1414
1418
1406
1417
1480
1473
1452
1462
1481
1491
1415
1410
1409
1533
1419
1416
1428
1542
1413
1477
1597
1430
1453
1492
1524
1485
1479
1447
1489
1522
1526
1501
1445
1472
1486
1429
1529
1440
1530
1523
1504
1407
1660
1661
1525
1461
1560
1607
1603
1448
1605
1509
1608
1449
1468
1512
1511
1609
1645
1628
1650
1493
1565
1567
1528
1576
1506
1557
1563
1496
1497
1580
1518
1559
1611
1564
1591
1630
1534
1617
1641
1488
1637
1578
1613
1638
1579
1616
1583
1618
1577
1612
1494
1642
1643
1520
1644
1584
1619
1586
1627
1646
1543
1651
1581
1634
1582
1632
