1.0,0.0,0.0
1.0,0.0,0.0
1.0,0.0,0.0
1.0,0.0,0.0
1.0,0.0,0.0
1.0,0.0,0.0
1.0,0.0,0.0
1.0,0.0,0.0
1.0,0.0,0.0
1.0,0.0,0.0
1.0,0.0,0.0
1.0,0.0,0.0
1.0,0.0,0.0
1.0,0.0,0.0
1.0,0.0,0.0
1.0,0.0,0.0
1.0,0.0,0.0
1.0,0.0,0.0
1.0,0.0,0.0
1.0,0.0,0.0
1.0,0.0,0.0
1.0,0.0,0.0
1.0,0.0,0.0
1.0,0.0,0.0
1.0,0.0,0.0
1.0,0.0,0.0
1.0,0.0,0.0
1.0,0.0,0.0
1.0,0.0,0.0
1.0,0.0,0.0
1.0,0.0,0.0
1.0,0.0,0.0
1.0,0.0,0.0
1.0,0.0,0.0
1.0,0.0,0.0
1.0,0.0,0.0
1.0,0.0,0.0
1.0,0.0,0.0
1.0,0.0,0.0
1.0,0.0,0.0
1.0,0.0,0.0
1.0,0.0,0.0
1.0,0.0,0.0
1.0,0.0,0.0
1.0,0.0,0.0
1.0,0.0,0.0
1.0,0.0,0.0
1.0,0.0,0.0
1.0,0.0,0.0
1.0,0.0,0.0
1.0,0.0,0.0
1.0,0.0,0.0
1.0,0.0,0.0
1.0,0.0,0.0
1.0,0.0,0.0
1.0,0.0,0.0
1.0,0.0,0.0
1.0,0.0,0.0
1.0,0.0,0.0
1.0,0.0,0.0
1.0,0.0,0.0
1.0,0.0,0.0
1.0,0.0,0.0
1.0,0.0,0.0
1.0,0.0,0.0
1.0,0.0,0.0
1.0,0.0,0.0
1.0,0.0,0.0
1.0,0.0,0.0
1.0,0.0,0.0
1.0,0.0,0.0
1.0,0.0,0.0
1.0,0.0,0.0
1.0,0.0,0.0
1.0,0.0,0.0
1.0,0.0,0.0
1.0,0.0,0.0
1.0,0.0,0.0
1.0,0.0,0.0
1.0,0.0,0.0
1.0,0.0,0.0
1.0,0.0,0.0
1.0,0.0,0.0
1.0,0.0,0.0
1.0,0.0,0.0
1.0,0.0,0.0
1.0,0.0,0.0
1.0,0.0,0.0
1.0,0.0,0.0
1.0,0.0,0.0
1.0,0.0,0.0
1.0,0.0,0.0
1.0,0.0,0.0
1.0,0.0,0.0
1.0,0.0,0.0
1.0,0.0,0.0
1.0,0.0,0.0
1.0,0.0,0.0
1.0,0.0,0.0
1.0,0.0,0.0
1.0,0.0,0.0
1.0,0.0,0.0
1.0,0.0,0.0
1.0,0.0,0.0
1.0,0.0,0.0
1.0,0.0,0.0
1.0,0.0,0.0
1.0,0.0,0.0
1.0,0.0,0.0
1.0,0.0,0.0
1.0,0.0,0.0
1.0,0.0,0.0
1.0,0.0,0.0
1.0,0.0,0.0
1.0,0.0,0.0
1.0,0.0,0.0
1.0,0.0,0.0
1.0,0.0,0.0
1.0,0.0,0.0
1.0,0.0,0.0
1.0,0.0,0.0
1.0,0.0,0.0
1.0,0.0,0.0
1.0,0.0,0.0
1.0,0.0,0.0
1.0,0.0,0.0
1.0,0.0,0.0
1.0,0.0,0.0
1.0,0.0,0.0
1.0,0.0,0.0
1.0,0.0,0.0
1.0,0.0,0.0
1.0,0.0,0.0
1.0,0.0,0.0
1.0,0.0,0.0
1.0,0.0,0.0
1.0,0.0,0.0
1.0,0.0,0.0
1.0,0.0,0.0
1.0,0.0,0.0
1.0,0.0,0.0
1.0,0.0,0.0
1.0,0.0,0.0
1.0,0.0,0.0
1.0,0.0,0.0
1.0,0.0,0.0
1.0,0.0,0.0
1.0,0.0,0.0
1.0,0.0,0.0
1.0,0.0,0.0
1.0,0.0,0.0
1.0,0.0,0.0
1.0,0.0,0.0
1.0,0.0,0.0
1.0,0.0,0.0
1.0,0.0,0.0
1.0,0.0,0.0
1.0,0.0,0.0
1.0,0.0,0.0
1.0,0.0,0.0
1.0,0.0,0.0
1.0,0.0,0.0
1.0,0.0,0.0
1.0,0.0,0.0
1.0,0.0,0.0
1.0,0.0,0.0
1.0,0.0,0.0
1.0,0.0,0.0
1.0,0.0,0.0
1.0,0.0,0.0
1.0,0.0,0.0
1.0,0.0,0.0
1.0,0.0,0.0
1.0,0.0,0.0
1.0,0.0,0.0
1.0,0.0,0.0
1.0,0.0,0.0
1.0,0.0,0.0
1.0,0.0,0.0
1.0,0.0,0.0
1.0,0.0,0.0
1.0,0.0,0.0
1.0,0.0,0.0
1.0,0.0,0.0
1.0,0.0,0.0
1.0,0.0,0.0
1.0,0.0,0.0
1.0,0.0,0.0
1.0,0.0,0.0
1.0,0.0,0.0
1.0,0.0,0.0
1.0,0.0,0.0
1.0,0.0,0.0
1.0,0.0,0.0
1.0,0.0,0.0
1.0,0.0,0.0
1.0,0.0,0.0
1.0,0.0,0.0
1.0,0.0,0.0
1.0,0.0,0.0
1.0,0.0,0.0
1.0,0.0,0.0
1.0,0.0,0.0
1.0,0.0,0.0
1.0,0.0,0.0
1.0,0.0,0.0
1.0,0.0,0.0
1.0,0.0,0.0
1.0,0.0,0.0
1.0,0.0,0.0
1.0,0.0,0.0
1.0,0.0,0.0
1.0,0.0,0.0
1.0,0.0,0.0
1.0,0.0,0.0
1.0,0.0,0.0
1.0,0.0,0.0
1.0,0.0,0.0
1.0,0.0,0.0
1.0,0.0,0.0
1.0,0.0,0.0
1.0,0.0,0.0
1.0,0.0,0.0
1.0,0.0,0.0
1.0,0.0,0.0
1.0,0.0,0.0
1.0,0.0,0.0
1.0,0.0,0.0
1.0,0.0,0.0
1.0,0.0,0.0
1.0,0.0,0.0
1.0,0.0,0.0
1.0,0.0,0.0
1.0,0.0,0.0
1.0,0.0,0.0
1.0,0.0,0.0
1.0,0.0,0.0
1.0,0.0,0.0
1.0,0.0,0.0
1.0,0.0,0.0
1.0,0.0,0.0
1.0,0.0,0.0
1.0,0.0,0.0
1.0,0.0,0.0
1.0,0.0,0.0
1.0,0.0,0.0
1.0,0.0,0.0
1.0,0.0,0.0
1.0,0.0,0.0
0.9232133297588669,0.17068147958037352,0.17068147958037352
0.911969328713097,0.3422544083645643,0.3422544083645643
0.926421829864426,0.15425924144569586,0.15425924144569586
0.883550280382082,0.03307196954840329,0.03307196954840329
0.8617949961412147,-0.2510750301802331,-0.2510750301802331
-0.6472558451945166,0.49899181776655477,0.49899181776655477
0.6895336343010928,-0.40415545854349716,-0.40415545854349716
0.7862245853500154,0.3781305011159274,0.3781305011159274
0.4343082902159412,0.6718698491456386,0.6718698491456386
0.842280648076267,0.3097465344031043,0.3097465344031043
0.9778105738375469,-0.1916853971721407,-0.1916853971721407
0.982373708913847,0.021338922175816375,0.021338922175816375
0.9681517753599199,0.16732812600945973,0.16732812600945973
0.7962595310684136,-0.32842501039454786,-0.32842501039454786
0.9199250634743944,0.27405004815313466,0.27405004815313466
-0.03329773994655706,-0.739095283510207,-0.739095283510207
0.9414312871645039,0.17990187373154587,0.17990187373154587
0.9116735023062564,-0.20226959718325288,-0.20226959718325288
0.9925889490846664,-0.11869678778047334,-0.11869678778047334
-0.8623221794105567,-0.16089734507405307,-0.16089734507405307
0.6555601808015121,-0.03881235280549829,-0.03881235280549829
0.9278891039270191,-0.25482068114965095,-0.25482068114965095
0.4041061332182607,-0.5881509463517987,-0.5881509463517987
0.9103332778165432,0.20333681459383113,0.20333681459383113
0.5580421343439405,0.563023763371017,0.563023763371017
-0.03866404141243806,0.4750996283357929,0.4750996283357929
0.6942181731929229,-0.2946732366170394,-0.2946732366170394
0.3517267615336263,-0.6924672749933066,-0.6924672749933066
0.8869913292251972,-0.3586144688491578,-0.3586144688491578
0.4063531626010765,0.13631418712601195,0.13631418712601195
0.9156649832364422,-0.0890624977637885,-0.0890624977637885
0.9764890983103911,-0.06481195337163369,-0.06481195337163369
0.864285089709394,-0.12773725627841953,-0.12773725627841953
0.9370486929186956,0.24081757804246404,0.24081757804246404
0.9527371836249523,0.06133124882560401,0.06133124882560401
0.8531339291542418,-0.26746490318118926,-0.26746490318118926
0.9677482269987361,0.1105003271719969,0.1105003271719969
0.6903639904308216,-0.022600038711520828,-0.022600038711520828
0.6919150922660974,-0.4729812636288614,-0.4729812636288614
0.4357926440681307,0.5227173968451595,0.5227173968451595
0.9762845234517503,0.1860693710227769,0.1860693710227769
0.9617237307046378,0.22343006409687596,0.22343006409687596
-0.34305003986032806,-0.721462594325521,-0.721462594325521
0.9811625523562927,-0.06427304718254631,-0.06427304718254631
0.9153909145543068,0.37173422068349476,0.37173422068349476
0.8345560608197582,-0.40140971859619456,-0.40140971859619456
0.7025923205541804,-0.35700045042239764,-0.35700045042239764
0.9927798448151942,-0.04614601442964967,-0.04614601442964967
0.5906850338695001,-0.7553150386730604,-0.7553150386730604
0.717762387419228,-0.47071191932003026,-0.47071191932003026
0.7938494395610824,-0.38448039192567207,-0.38448039192567207
0.9968844204343933,-0.018346077105431433,-0.018346077105431433
0.5362317305813844,-0.6980413011565804,-0.6980413011565804
0.970773772218997,0.17795516992523086,0.17795516992523086
0.019410402814646552,0.9729916298003731,0.9729916298003731
0.5569563397886584,-0.42485355064706953,-0.42485355064706953
0.9135784700317598,-0.3623155690874561,-0.3623155690874561
-0.3516535367411959,-0.9330059326300482,-0.9330059326300482
0.9994562759921378,0.024867995461038506,0.024867995461038506
0.9947372261538713,0.10088076900723927,0.10088076900723927
0.8307780377416583,-0.32501327610975267,-0.32501327610975267
0.47190994041267925,0.691057226136746,0.691057226136746
0.9526735553696306,-0.27131487245563857,-0.27131487245563857
0.6608402541169079,-0.5508205564919973,-0.5508205564919973
0.6361126307030622,-0.5418619887120493,-0.5418619887120493
0.9798859420192514,0.1575193875989301,0.1575193875989301
0.9735694635513866,0.19432620241836157,0.19432620241836157
0.9015591082494735,0.10318019744889512,0.10318019744889512
0.7701654060501176,0.18026898282369916,0.18026898282369916
0.943299111329477,0.1999336362768964,0.1999336362768964
0.8485413946049081,-0.32549332916288015,-0.32549332916288015
0.6924520178253716,-0.5191125873891658,-0.5191125873891658
0.7871449375924715,-0.3202734905026959,-0.3202734905026959
0.8840907381748317,0.4638903567613683,0.4638903567613683
0.3414437393453839,0.6913970310657045,0.6913970310657045
0.2939910869957417,-0.6056563314737505,-0.6056563314737505
0.9874545604253311,-0.12186856638006538,-0.12186856638006538
0.9604093439910972,0.2713763877998902,0.2713763877998902
0.7825882019494537,0.3949593788347638,0.3949593788347638
0.8508901468399974,0.4322026072508724,0.4322026072508724
0.8077811359764993,0.3679697861612601,0.3679697861612601
0.9909153140765065,-0.11256413565206863,-0.11256413565206863
0.6055128588544049,0.5176523616588844,0.5176523616588844
0.965622975430392,0.2564040142315047,0.2564040142315047
0.9043492173182751,0.057992986369152295,0.057992986369152295
0.751674929096712,-0.5783939678424247,-0.5783939678424247
0.9790915763850052,-0.2019641204600774,-0.2019641204600774
0.9980052539378046,0.02773271090370752,0.02773271090370752
0.8581515546787297,0.3616452950630929,0.3616452950630929
0.9844204901679209,0.10721816017319202,0.10721816017319202
0.537898770376754,-0.5790981295086455,-0.5790981295086455
0.6090643926033849,0.6288726615406338,0.6288726615406338
0.2997270902647848,0.5672181112552949,0.5672181112552949
0.7495592241329516,0.49064990466511704,0.49064990466511704
0.9966403794698738,-0.06314727387957263,-0.06314727387957263
0.9098008412646771,0.028817625654235558,0.028817625654235558
0.9920284625475575,0.05899532989212734,0.05899532989212734
0.9886464825093395,0.1114426397988141,0.1114426397988141
0.8840048053356736,0.22825582792529434,0.22825582792529434
0.9563813069150817,-0.24312872474719582,-0.24312872474719582
0.8143170274902723,-0.43590295767321097,-0.43590295767321097
0.48457845809260536,0.6606301853049777,0.6606301853049777
0.9770209660382926,-0.054296660394255784,-0.054296660394255784
0.7675039895471062,0.476885521343043,0.476885521343043
0.8125482017944587,-0.3841145816953918,-0.3841145816953918
0.9854387397829654,-0.1689562723652339,-0.1689562723652339
0.8809036695683319,0.29904849380539916,0.29904849380539916
0.7246904355693449,-0.3565914616396232,-0.3565914616396232
0.6949122660815904,-0.4014240599657238,-0.4014240599657238
0.9771740355958963,0.059668560653252184,0.059668560653252184
0.8049899785723549,-0.35517828451462863,-0.35517828451462863
-0.010673673438797136,0.9462659454161337,0.9462659454161337
0.44507895246382423,0.6413259778384643,0.6413259778384643
-0.28145235289123743,-0.5443756007653029,-0.5443756007653029
0.9042122276732362,0.30180232582783145,0.30180232582783145
0.9981306273092257,0.05633186560871753,0.05633186560871753
0.9330199958642701,0.06916792242622441,0.06916792242622441
0.7379995590165151,-0.30758178578765677,-0.30758178578765677
0.9901611773039473,-0.1251761483627388,-0.1251761483627388
-0.8794990898259615,-0.05420759600961086,-0.05420759600961086
0.9863299817453988,-0.01161917156552024,-0.01161917156552024
0.5837955168304688,-0.5058131692609118,-0.5058131692609118
0.8413395024385109,-0.2549779562047513,-0.2549779562047513
0.6047459936637333,0.5005594220740027,0.5005594220740027
0.978190507338658,-0.13231576728117114,-0.13231576728117114
0.9119660994373323,-0.39078063739561286,-0.39078063739561286
0.8955400408011088,-0.4442801662482397,-0.4442801662482397
0.9516011497137581,0.2664810275282042,0.2664810275282042
0.9901693217089497,-0.08577284656973505,-0.08577284656973505
0.7292357259898768,0.4747881440527119,0.4747881440527119
0.8983846654748765,-0.3208911087032729,-0.3208911087032729
0.4843781143775801,-0.42468968561252846,-0.42468968561252846
0.21408360074775185,0.5918828369911574,0.5918828369911574
0.748708550167786,0.4773321303524989,0.4773321303524989
0.6125142018528558,-0.5840000597981647,-0.5840000597981647
0.9817517588847492,-0.11971778414670267,-0.11971778414670267
0.747480007642415,-0.4296777711200122,-0.4296777711200122
0.9981751551251216,0.06038085831764944,0.06038085831764944
0.7928013835912848,-0.37577879779466183,-0.37577879779466183
0.9159068688147879,0.2324588601328268,0.2324588601328268
0.9425812798559736,0.018617381191701917,0.018617381191701917
0.9695328721531601,0.2227326393245812,0.2227326393245812
0.7623076275297221,-0.2779147976972783,-0.2779147976972783
0.8739049477444117,-0.32674271041921166,-0.32674271041921166
0.8082032384638064,0.4258348400235157,0.4258348400235157
-0.06724050786120873,-0.9633451594472746,-0.9633451594472746
0.848020935111033,-0.34374452415761597,-0.34374452415761597
0.9898377562071619,-0.1421999864455176,-0.1421999864455176
0.8970453436849605,-0.3967764255406131,-0.3967764255406131
0.7327947427681821,-0.4897403535305782,-0.4897403535305782
0.7077672278853212,-0.47413255714389957,-0.47413255714389957
0.9219294932154029,0.33418278235071314,0.33418278235071314
0.6057331817516953,-0.45288881136216963,-0.45288881136216963
0.9568004485325811,0.25951256322813465,0.25951256322813465
0.8125468832273767,0.4299775812077521,0.4299775812077521
0.9974627729010346,0.07034386818052095,0.07034386818052095
0.8613966581632201,-0.36423675807808314,-0.36423675807808314
0.7410991081630448,0.5390580709737236,0.5390580709737236
0.8140507677445491,-0.38052196372616315,-0.38052196372616315
-0.9503469257789711,0.11949091650285106,0.11949091650285106
0.9905145461560609,0.06691888103126592,0.06691888103126592
0.9970225465763719,0.07020583094363042,0.07020583094363042
0.9136095294393232,-0.30675085883025277,-0.30675085883025277
0.8302102588848281,0.05831813414714565,0.05831813414714565
0.9125709855736263,-0.15808649261329072,-0.15808649261329072
0.998364382273995,0.052520898543280826,0.052520898543280826
0.834707989944509,-0.07617994729258971,-0.07617994729258971
0.924912896436731,-0.18163176092975816,-0.18163176092975816
0.9068964678584774,0.10927916872886845,0.10927916872886845
0.9836087884129401,0.10893320508468719,0.10893320508468719
0.9354993559116392,0.20472503992861435,0.20472503992861435
0.6918673722096133,0.7130926879436319,0.7130926879436319
0.9996389041883917,-0.013672785047063945,-0.013672785047063945
0.813164788956821,-0.569017531609886,-0.569017531609886
0.9653164160920594,-0.26095462857128154,-0.26095462857128154
0.9085444417409347,0.24607268355353995,0.24607268355353995
0.8268014880430234,-0.16607438844510497,-0.16607438844510497
0.7187706287987335,0.07383352764870345,0.07383352764870345
0.7200179033355663,-0.057045761522146715,-0.057045761522146715
0.7405912888199454,-0.4126748250582509,-0.4126748250582509
0.7866247623134596,-0.5429535327274128,-0.5429535327274128
0.991943340935696,-0.005045814283979887,-0.005045814283979887
0.0036969120244847147,0.25579263248562284,0.25579263248562284
0.9861787252798221,0.1496774318278786,0.1496774318278786
0.8507003465644271,-0.34440158519556546,-0.34440158519556546
0.9924346848607734,-0.05367019021850762,-0.05367019021850762
0.5605458848163759,0.5297239348495973,0.5297239348495973
0.8037172922825547,-0.35398901004694877,-0.35398901004694877
0.9027199672219424,-0.1663271864612656,-0.1663271864612656
0.9665629704193706,0.19331273910270713,0.19331273910270713
0.6574215807734967,-0.0925971811862814,-0.0925971811862814
0.9881527482628627,-0.10068685812012611,-0.10068685812012611
0.9033465022745484,0.1450343951411264,0.1450343951411264
0.9451397734333995,0.29190719839739254,0.29190719839739254
0.84196772374426,-0.3160481332252454,-0.3160481332252454
0.9821326902894286,0.18721894460633112,0.18721894460633112
0.7474631516480733,-0.32270044184797314,-0.32270044184797314
0.825447241716456,-0.22516937436670875,-0.22516937436670875
0.8390928640250301,0.4264283000509814,0.4264283000509814
0.6441471470638799,0.553569616842039,0.553569616842039
0.9899753007380466,0.10780771400808373,0.10780771400808373
0.8797742589644035,-0.2925768890203314,-0.2925768890203314
0.9409134084199073,-0.16569627173733642,-0.16569627173733642
0.9960136289426109,0.08421727098475282,0.08421727098475282
0.7757311719331035,0.41326187251296015,0.41326187251296015
0.9299226705552086,0.2636984781459943,0.2636984781459943
0.7492963065967044,-0.41502646973757196,-0.41502646973757196
0.8900345217819021,0.1136611054637895,0.1136611054637895
0.8229366502540086,-0.07121657632105861,-0.07121657632105861
0.9433289857612309,-0.18894442125298383,-0.18894442125298383
0.9925577488472732,-0.11930921302135995,-0.11930921302135995
0.910250990840332,-0.37178522390684937,-0.37178522390684937
0.8762875670900796,-0.368578640549233,-0.368578640549233
0.9853919187046716,0.1199455887500352,0.1199455887500352
0.4479896705670587,0.6406557333627557,0.6406557333627557
0.9136457443824618,0.2683379542849186,0.2683379542849186
0.3309921819836221,-0.5006264762495073,-0.5006264762495073
0.9855604308641831,-0.05912351400167487,-0.05912351400167487
0.7336742056005976,0.37622099234025064,0.37622099234025064
0.9752674406572586,-0.07697251451093022,-0.07697251451093022
0.9891777901633685,-0.12299084661523332,-0.12299084661523332
0.9320803030840284,0.24299202542523532,0.24299202542523532
0.2842886289373832,0.7298512406973455,0.7298512406973455
0.9823036250347826,-0.1354892916673398,-0.1354892916673398
0.9913785813309148,0.0840153212584755,0.0840153212584755
0.41593653638108846,-0.6379316854115872,-0.6379316854115872
0.9653987008358689,-0.12155288826520105,-0.12155288826520105
-0.5643565434513819,-0.17827424736410982,-0.17827424736410982
0.8477118710450834,0.5161833051709549,0.5161833051709549
0.9890389439989233,-0.14595243024705107,-0.14595243024705107
0.7459265682687344,-0.39398606217596766,-0.39398606217596766
0.9149586249700109,0.23998743839562645,0.23998743839562645
0.46626889237954156,0.48717185213408754,0.48717185213408754
0.9854568299631428,-0.07553689388988082,-0.07553689388988082
0.9870034308872835,-0.1139219741926191,-0.1139219741926191
0.9919743964570226,0.07580528893571806,0.07580528893571806
0.9957228713595837,0.07874590081269667,0.07874590081269667
0.9976231834079918,0.06857938892258197,0.06857938892258197
0.8956405022940361,-0.21560208970302938,-0.21560208970302938
0.5901648897428705,-0.4990394916169137,-0.4990394916169137
0.7951365526741994,0.19864918421143654,0.19864918421143654
0.9960365771879833,-0.03716040158915456,-0.03716040158915456
0.29104395722860044,-0.6180576209147828,-0.6180576209147828
0.5788222460509461,-0.48992459948252887,-0.48992459948252887
0.9209825595654643,-0.33635549958743716,-0.33635549958743716
0.9262529536077888,-0.2728498535744393,-0.2728498535744393
0.9684084899991772,0.1309109127409754,0.1309109127409754
0.5292086738402689,-0.7710506596120358,-0.7710506596120358
0.87242951174279,0.29029245484747496,0.29029245484747496
-0.26722296707582693,-0.6436451178112141,-0.6436451178112141
0.9962073683686237,-0.02773709700990015,-0.02773709700990015
0.8290552159315002,-0.3765449402141441,-0.3765449402141441
0.9964545468900086,-0.07452888912252079,-0.07452888912252079
0.945050349270334,-0.3242279958221308,-0.3242279958221308
0.5669695610588202,-0.5927177097776375,-0.5927177097776375
0.609433001680372,-0.6006032006362994,-0.6006032006362994
0.7057158968356632,-0.14161561591209423,-0.14161561591209423
0.6017664231033181,-0.4599960113957175,-0.4599960113957175
0.9079806972637628,-0.25034658890934314,-0.25034658890934314
0.9225167205622612,0.20349076309940858,0.20349076309940858
0.9177702886839243,0.31423524848706097,0.31423524848706097
0.25777626633591494,-0.4635132799856827,-0.4635132799856827
0.6910771873335827,-0.4704272396678489,-0.4704272396678489
0.7787299017199346,0.48222392388356006,0.48222392388356006
-0.7916348150623598,0.6067466910919799,0.6067466910919799
0.3102237059744267,0.6782395400859877,0.6782395400859877
0.7698173701162403,-0.3013369049932703,-0.3013369049932703
-0.13088628021250542,-0.6447411441197627,-0.6447411441197627
0.9808775635583161,-0.15532577968704675,-0.15532577968704675
0.8802426176867187,-0.22423028639017675,-0.22423028639017675
0.9999947725795225,-0.002627159853074605,-0.002627159853074605
0.9480910344891209,0.2713411791996506,0.2713411791996506
-0.2179542858576679,-0.6305601243488005,-0.6305601243488005
0.8395790074698463,0.4040009508003626,0.4040009508003626
0.9685218959272629,-0.1457106795879201,-0.1457106795879201
0.9489124996216445,-0.2590446388138926,-0.2590446388138926
0.1860061217313773,0.2726284548822164,0.2726284548822164
0.19941264403978676,0.5975786119464682,0.5975786119464682
0.9868539244101117,0.08742555870499633,0.08742555870499633
0.9937879191018489,0.07980406101801214,0.07980406101801214
0.714723007861384,-0.4377380924782505,-0.4377380924782505
0.9678542413387567,0.17025323288959626,0.17025323288959626
0.9651237220389363,-0.24753570795854377,-0.24753570795854377
0.6892829756566263,-0.23920995804381867,-0.23920995804381867
0.9838392551695195,0.11340712541308365,0.11340712541308365
0.6603040987288273,0.6077300433571963,0.6077300433571963
0.6868941993284361,0.5368729953476782,0.5368729953476782
0.47065448346941574,-0.663634013822104,-0.663634013822104
0.45944958869151664,0.40778207295285707,0.40778207295285707
0.9929327340119818,0.10582310325254345,0.10582310325254345
0.8693796396038315,0.1476960028869575,0.1476960028869575
0.9950563782665297,0.007249892256025415,0.007249892256025415
0.9940062491547244,-0.10263605607432513,-0.10263605607432513
0.7883068203226633,0.309678123842699,0.309678123842699
0.992230531125637,0.10432040875359569,0.10432040875359569
0.9892836978302982,0.13909243786904008,0.13909243786904008
0.913483083700626,0.2634010743551242,0.2634010743551242
0.4752313516399309,-0.5794421512782402,-0.5794421512782402
0.9542424653172872,0.2210364436455487,0.2210364436455487
0.8415843198209851,-0.5184592727333168,-0.5184592727333168
0.9764274225475665,0.046493281838443055,0.046493281838443055
0.9727820143699094,0.12443926455827921,0.12443926455827921
0.8861082596061232,0.12352441525305762,0.12352441525305762
0.8556476802433076,0.3347188376465809,0.3347188376465809
0.2846108204293995,0.7029347459668108,0.7029347459668108
-0.14886778616886817,-0.6016325482649418,-0.6016325482649418
0.3106394044496653,-0.6375906057104905,-0.6375906057104905
0.867699878883251,-0.3020698850715699,-0.3020698850715699
0.9583614832828103,-0.21913304288476437,-0.21913304288476437
0.9865087853419897,0.07383654738014944,0.07383654738014944
0.6728868698899849,-0.5114935510723708,-0.5114935510723708
0.7708926936839866,-0.24245462084975697,-0.24245462084975697
0.048585996009588114,0.7779889421534713,0.7779889421534713
0.9984326277957566,-0.055728433459643074,-0.055728433459643074
0.9912053764960109,0.11762874049864626,0.11762874049864626
0.997267364448417,0.07351500071684519,0.07351500071684519
0.945345858106891,0.24732547406281188,0.24732547406281188
0.9869529733113565,-0.1103837310801622,-0.1103837310801622
0.20910210532486354,0.7104932796411495,0.7104932796411495
0.6274476801912012,0.7303333297061267,0.7303333297061267
0.9194390739797654,0.182599233179911,0.182599233179911
0.9056047150647654,0.34110305310559197,0.34110305310559197
0.09105088570010472,0.8827434625284989,0.8827434625284989
0.9684130599682689,0.014230851211451003,0.014230851211451003
0.9637939257242033,0.01665934057079818,0.01665934057079818
0.9731209195163657,-0.13844293892006496,-0.13844293892006496
0.8559823735016377,-0.3613129432143632,-0.3613129432143632
0.6669587737189194,-0.437070345429814,-0.437070345429814
0.9924261347851734,0.10272552745587703,0.10272552745587703
0.6467970994841776,0.7145440736150207,0.7145440736150207
0.881428658752419,-0.3346673798615754,-0.3346673798615754
0.9440644074948532,0.2347981968717337,0.2347981968717337
0.837339584309778,0.42571553777153615,0.42571553777153615
0.8203602580106998,0.32205264043342346,0.32205264043342346
0.40774149145560856,-0.020799883884616798,-0.020799883884616798
0.9915534691705352,-0.05191332897976265,-0.05191332897976265
0.950301353117182,0.20753294990597113,0.20753294990597113
0.42343810969211343,0.05985594630943076,0.05985594630943076
0.9858323641654402,-0.10982712672821802,-0.10982712672821802
0.848087138936348,-0.08751917034599478,-0.08751917034599478
-0.059686982048427054,-0.5264096569323133,-0.5264096569323133
0.9401295098662895,-0.3117595317915654,-0.3117595317915654
0.9893308113288817,0.1165230224613449,0.1165230224613449
0.5849443019922477,-0.5777297884916606,-0.5777297884916606
0.9812651632428966,-0.09522198963763957,-0.09522198963763957
0.9888180034099547,0.03409450318964669,0.03409450318964669
0.6852851287960973,0.3956211001221402,0.3956211001221402
0.7808261474034777,-0.6247263473056751,-0.6247263473056751
0.9792416403299532,-0.1276008683020171,-0.1276008683020171
0.9927185807604262,0.07078129949216128,0.07078129949216128
0.833965451882915,0.3385246254265887,0.3385246254265887
0.8573600960001967,-0.4631600999863396,-0.4631600999863396
0.99813626078188,0.06096545665543121,0.06096545665543121
0.9179649272185978,0.37024047469609045,0.37024047469609045
0.9769724484307297,-0.16229089376560726,-0.16229089376560726
0.9950863915526005,-0.0956621042885621,-0.0956621042885621
0.9000751189506797,-0.3565056502483704,-0.3565056502483704
0.2670801952402578,0.5184173093056689,0.5184173093056689
0.7706433396014813,-0.2859117367508286,-0.2859117367508286
0.9908438824731967,-0.08666746401651124,-0.08666746401651124
0.29656995678303943,0.5376815657091665,0.5376815657091665
0.9897280060225795,0.04451209730609509,0.04451209730609509
0.99945332197931,-0.02587950135261803,-0.02587950135261803
0.9735135319033389,0.007428664238648535,0.007428664238648535
0.7286793026009823,0.4467897347720164,0.4467897347720164
0.5180862926764052,-0.5603138251078442,-0.5603138251078442
0.968346776726967,0.20298928777079886,0.20298928777079886
0.8107492290039584,-0.2162854981076825,-0.2162854981076825
0.9292921596931942,0.22502825356636225,0.22502825356636225
0.9611322503107316,-0.20057748964191688,-0.20057748964191688
0.9124969016536321,-0.316585996875223,-0.316585996875223
0.966097506682251,0.04119009156000658,0.04119009156000658
0.9290133448873055,-0.24121667113316111,-0.24121667113316111
0.9421518245401674,0.00037433904062253795,0.00037433904062253795
0.9876624912988428,-0.06958442176404094,-0.06958442176404094
0.9814900565029798,-0.15246079272868948,-0.15246079272868948
0.08213755424304385,0.7379713672585778,0.7379713672585778
0.9898948025343968,0.0319219599544848,0.0319219599544848
0.8814435025026907,0.34191628626964987,0.34191628626964987
0.9604627380106571,0.038152525955066734,0.038152525955066734
0.5064350700141075,0.7412931781464283,0.7412931781464283
0.9308345652513562,0.2459562981109296,0.2459562981109296
0.9846138661245512,0.13946777191610776,0.13946777191610776
0.7966467814971725,0.12527294823552657,0.12527294823552657
0.9328854479254407,-0.11475718832699042,-0.11475718832699042
0.9891985157352624,-0.09548957448269728,-0.09548957448269728
0.9902312109969994,0.10590073462404549,0.10590073462404549
0.9009675387794615,0.3330277593142534,0.3330277593142534
0.878546109555102,0.3681785214919513,0.3681785214919513
0.9974186446583233,-0.05691904702245835,-0.05691904702245835
0.8677559765190791,-0.3652868348865503,-0.3652868348865503
0.9953180259392739,0.002790771739036056,0.002790771739036056
-0.1367396071965325,0.5479193577971003,0.5479193577971003
0.881518397384023,0.3769140551801302,0.3769140551801302
0.7394199116178463,-0.4227139504573691,-0.4227139504573691
0.995507717758463,-0.0878369493899522,-0.0878369493899522
0.9886804245808862,0.027858659100669075,0.027858659100669075
-0.41141686524121945,-0.746363766864509,-0.746363766864509
0.8120490676317393,0.23046056387035976,0.23046056387035976
0.9850222057289708,-0.1064253011651369,-0.1064253011651369
0.753103931873555,0.4455435865122811,0.4455435865122811
0.967233734048343,0.1702649076317586,0.1702649076317586
0.26470695262599947,-0.5236967212214907,-0.5236967212214907
0.918298415514752,-0.18387882279314272,-0.18387882279314272
0.9462813694014118,-0.2705405812784797,-0.2705405812784797
0.9844389113015314,0.13217132812715432,0.13217132812715432
0.9987362972144851,0.03209510205195506,0.03209510205195506
0.94654238149549,0.18960478264855143,0.18960478264855143
0.9322888143606568,0.29582148468212477,0.29582148468212477
0.8439881667870152,-0.03040500099087508,-0.03040500099087508
0.9758575526659381,0.152894575401855,0.152894575401855
0.9322718515087237,0.29451160039698127,0.29451160039698127
0.8273386222647835,0.34985788042135696,0.34985788042135696
0.9920114332484693,-0.008478341060696589,-0.008478341060696589
0.8996154622401304,-0.14504538398756703,-0.14504538398756703
0.9998655941164046,-0.012164528861907591,-0.012164528861907591
0.9419060935181927,-0.17612703179560854,-0.17612703179560854
0.9327101038561673,-0.20465987133272398,-0.20465987133272398
0.9346217727591477,-0.29546110443834445,-0.29546110443834445
0.5476557409650434,0.6521215317566379,0.6521215317566379
0.8438753100454472,0.4661346557430881,0.4661346557430881
0.08878735624944901,0.558159218578605,0.558159218578605
0.5647185670784539,-0.4940654116584844,-0.4940654116584844
0.9324460756468639,0.2779717220088151,0.2779717220088151
0.9612580948750161,0.2111334813321667,0.2111334813321667
0.7418567384518793,-0.23103929090931918,-0.23103929090931918
0.5714885347043426,-0.40238160286091895,-0.40238160286091895
0.9396651129296113,0.2355792627511366,0.2355792627511366
0.9879544775383229,-0.14761783482354407,-0.14761783482354407
0.8247930433388545,-0.22754298276973273,-0.22754298276973273
0.7297328300066085,-0.5974763114878221,-0.5974763114878221
0.6365653725034671,-0.13050085590711172,-0.13050085590711172
0.8666484524740201,-0.38865695189486155,-0.38865695189486155
0.9692212762198125,-0.13549471656100964,-0.13549471656100964
0.9796309070079394,0.15471341526742186,0.15471341526742186
0.974128036902775,-0.07808165773597571,-0.07808165773597571
0.34458449097496957,0.5754865363971003,0.5754865363971003
0.9406907032317581,0.1901713902850038,0.1901713902850038
0.9832872185886281,0.019594503627559216,0.019594503627559216
0.9825780406954131,-0.169485753735738,-0.169485753735738
0.9257334329860993,-0.35475144846757245,-0.35475144846757245
0.7730691964474408,-0.4738637347317165,-0.4738637347317165
0.13935546924318132,0.556587333142279,0.556587333142279
0.7804600373600077,0.4075389844278039,0.4075389844278039
0.8990613098123601,-0.3998969643361388,-0.3998969643361388
0.8931117005362275,0.3307216179168002,0.3307216179168002
-0.19580590064005782,0.7598378662769626,0.7598378662769626
0.8900426005392135,0.2938241467491179,0.2938241467491179
0.9399114700124674,0.16715121835443073,0.16715121835443073
0.9794423138454535,-0.12497355734984165,-0.12497355734984165
0.9960269784638406,-0.021559000750259294,-0.021559000750259294
0.934491718557182,0.2733978443382288,0.2733978443382288
0.9942887267438709,-0.04534030489446834,-0.04534030489446834
0.19666155690428724,-0.6277798155822896,-0.6277798155822896
0.5697719425685889,-0.184979614242181,-0.184979614242181
0.8603097451143319,0.3655283526977449,0.3655283526977449
0.8193116846074883,-0.42302693670850827,-0.42302693670850827
0.9825339297927006,0.11707720855386089,0.11707720855386089
0.9950195660514407,0.05959966036647574,0.05959966036647574
0.9158354815421655,-0.17020442430539479,-0.17020442430539479
0.669245227640403,-0.42680574264905624,-0.42680574264905624
0.9418205867436032,-0.33603738836481667,-0.33603738836481667
0.9702344708640005,0.01414462193327566,0.01414462193327566
0.7745687511209547,-0.5136598852094311,-0.5136598852094311
0.7920312709863839,0.4023837484758476,0.4023837484758476
0.9260194423001105,0.29420517567291726,0.29420517567291726
0.9750794902337918,-0.2217676754953845,-0.2217676754953845
0.9917307842137612,-0.1283198924693818,-0.1283198924693818
0.996263895628407,-0.02391817923170462,-0.02391817923170462
0.9997510063094789,-0.022311389533852463,-0.022311389533852463
0.9336791874714562,0.1603845521434325,0.1603845521434325
0.9969650307156964,-0.011539366301586992,-0.011539366301586992
0.99539722306882,0.06569495555457283,0.06569495555457283
0.9905431719003989,0.1309252373153568,0.1309252373153568
0.9437019872046961,0.03746543849508052,0.03746543849508052
0.47686401302147785,-0.40274762988601903,-0.40274762988601903
0.9233518474827982,0.3500955828716399,0.3500955828716399
0.993384987797012,0.04163016009006811,0.04163016009006811
0.9687876511733451,0.24615747059377677,0.24615747059377677
0.7698264234578669,0.5475822923000854,0.5475822923000854
0.9621832144686886,0.06614528832230976,0.06614528832230976
0.7549068740545334,-0.4699798203379789,-0.4699798203379789
0.9398193855103727,-0.18892491163380493,-0.18892491163380493
0.9303548249150766,-0.12298182834013976,-0.12298182834013976
0.9578753979548457,-0.23418556657585957,-0.23418556657585957
0.8222037735003701,-0.3626297669749584,-0.3626297669749584
0.9909880305020237,0.021279610937927275,0.021279610937927275
0.9245665311641599,0.2509877761328501,0.2509877761328501
0.8092126869642497,0.041506145277524546,0.041506145277524546
0.46107811233235285,-0.49048004072813367,-0.49048004072813367
0.949236235749995,-0.22277320267343975,-0.22277320267343975
0.7989588855839261,0.3549912677638535,0.3549912677638535
0.8932103122109947,-0.33010915984155886,-0.33010915984155886
0.21686048033479946,-0.7182100254372306,-0.7182100254372306
0.8249807911419795,-0.33236158421206363,-0.33236158421206363
0.9988717953702364,-0.04731771923385254,-0.04731771923385254
0.7133568066970009,0.5779989968669866,0.5779989968669866
0.8607223481080906,-0.3437474690745863,-0.3437474690745863
0.07926908680691255,-0.8551215180626234,-0.8551215180626234
0.9098883513305898,0.22539263541615837,0.22539263541615837
0.9326261486759047,-0.27947701102108086,-0.27947701102108086
-0.18725404078096067,-0.5123976091999121,-0.5123976091999121
0.9736902185588712,0.20310583064297405,0.20310583064297405
0.9996637630932622,0.0010254925407747841,0.0010254925407747841
0.8271289753146356,0.5028627028152048,0.5028627028152048
0.7577051486005152,-0.5877788438631186,-0.5877788438631186
0.9572992771936125,0.11063636284491606,0.11063636284491606
0.8959965548419969,0.34668703219560526,0.34668703219560526
0.9539742000242835,-0.11089109651022475,-0.11089109651022475
0.9963817641765078,-0.07145210464664728,-0.07145210464664728
0.9340659042140024,0.023802010976309386,0.023802010976309386
0.9796354712048906,-0.1238380042026836,-0.1238380042026836
0.9284171982154489,0.32417863025063176,0.32417863025063176
0.706769080788546,-0.3325220547887698,-0.3325220547887698
0.9681140986717989,-0.14760018628289034,-0.14760018628289034
0.9927730976572611,0.023634650595630673,0.023634650595630673
0.9004647637262532,0.3327440113505445,0.3327440113505445
0.945607413819503,-0.1469240346595914,-0.1469240346595914
0.9674091463336069,0.19904691326706103,0.19904691326706103
0.9959256831852386,0.09017002084777274,0.09017002084777274
0.8933981608576067,0.38775752618333353,0.38775752618333353
0.9318030755285667,0.25084086770663855,0.25084086770663855
0.5944432986990396,-0.5281490215723301,-0.5281490215723301
0.8844283030915602,0.2978677481389187,0.2978677481389187
0.8863401737703961,-0.2817616117009945,-0.2817616117009945
0.7426622003505584,-0.5549574825610515,-0.5549574825610515
0.8223598346392308,-0.38067044829242663,-0.38067044829242663
-0.674670054373337,-0.02780134980579288,-0.02780134980579288
-0.13192261064388083,-0.8520457304266644,-0.8520457304266644
0.9843233220181932,0.03174225440193473,0.03174225440193473
0.7101273657710798,0.5224762766188437,0.5224762766188437
0.9901152065471805,-0.11866480480536286,-0.11866480480536286
0.9745318073572342,-0.18127432687233852,-0.18127432687233852
0.994357663637083,0.10318196237918893,0.10318196237918893
0.9387214042598665,-0.2997391513414632,-0.2997391513414632
0.9445884563779223,0.2948087892042645,0.2948087892042645
0.8965786094948689,0.3413613227385721,0.3413613227385721
0.9985310505171425,0.025636960639565384,0.025636960639565384
0.958611305757645,0.28451230459734156,0.28451230459734156
-0.23389428397266163,0.4343169601937494,0.4343169601937494
0.973263084544644,-0.16249762700350528,-0.16249762700350528
0.32156741706940445,-0.739371087675583,-0.739371087675583
0.22114953452346522,-0.5713088436514834,-0.5713088436514834
0.9949967330503394,-0.09986818115242303,-0.09986818115242303
0.9901929089841875,-0.10897037003402799,-0.10897037003402799
0.9433423288077967,-0.32428150840598635,-0.32428150840598635
0.02185454362111375,-0.5067388172271604,-0.5067388172271604
0.9158862438825722,-0.22921142748595652,-0.22921142748595652
0.7648783985292601,0.13640286133539423,0.13640286133539423
0.9694918692989841,0.21765247543381047,0.21765247543381047
0.9279682907703768,0.2271152788688734,0.2271152788688734
0.9356653959374578,-0.24276593529976667,-0.24276593529976667
0.974689719730844,0.19304405883841907,0.19304405883841907
0.6325739780573993,-0.43354657010744824,-0.43354657010744824
0.9996384302186518,0.017575244677190245,0.017575244677190245
0.9715083538417116,-0.19714505761171192,-0.19714505761171192
0.9122083062399207,0.27665365012332876,0.27665365012332876
0.936685317943974,-0.18829493600551034,-0.18829493600551034
0.8620880292999473,-0.36753897149244347,-0.36753897149244347
0.9900576810167249,-3.0266215492636645e-05,-3.0266215492636645e-05
0.03616801503720784,-0.5819235350258095,-0.5819235350258095
0.7059474216828641,-0.5952523268754992,-0.5952523268754992
0.9496564794983092,0.14130754677031518,0.14130754677031518
0.9812570269883584,-0.1695552703184711,-0.1695552703184711
0.9979279979402034,0.04552215344550502,0.04552215344550502
0.751631435180353,0.23689105267546162,0.23689105267546162
0.5748687077262732,-0.8020923764301099,-0.8020923764301099
0.9659108851327682,0.25394165176361666,0.25394165176361666
0.6114742590694943,0.38654352349455434,0.38654352349455434
0.9377092777163235,0.20860168510017202,0.20860168510017202
0.9974709752063967,-0.06046493588981519,-0.06046493588981519
0.9962213931537298,0.041721153379233225,0.041721153379233225
0.9990746436604628,0.042277540742934994,0.042277540742934994
0.970410436306636,-0.14875228648640346,-0.14875228648640346
0.9423435540280237,0.2481312575362434,0.2481312575362434
0.7673502553494049,-0.5007860956646504,-0.5007860956646504
0.9239154379510786,0.2827628241762974,0.2827628241762974
0.8593788362665271,0.4077305336195443,0.4077305336195443
0.8239962184785569,-0.3649531984162747,-0.3649531984162747
0.47865965574344915,0.46346797156649616,0.46346797156649616
0.9255437950433056,-0.23589720453797786,-0.23589720453797786
0.9588179156375799,0.2324969499586629,0.2324969499586629
0.9978772534111995,-0.013573570655400867,-0.013573570655400867
0.09089411733790793,-0.6908140187133073,-0.6908140187133073
0.823949366314958,0.337254049157409,0.337254049157409
0.8761940826787604,-0.43434841492850096,-0.43434841492850096
-0.3076629760107533,-0.15492416407499965,-0.15492416407499965
0.9856526530327494,-0.13023030263768753,-0.13023030263768753
0.5856782136950565,-0.6064502453081708,-0.6064502453081708
0.9963034120048126,-0.024146407509021948,-0.024146407509021948
0.9971511122422888,-0.07497293242375726,-0.07497293242375726
0.9810577558616166,-0.19347132319591484,-0.19347132319591484
0.9562690980206849,0.2675376813337109,0.2675376813337109
0.9677696449358565,-0.21915125973605518,-0.21915125973605518
0.6635288811402539,-0.5723415623690925,-0.5723415623690925
0.9479229904819368,-0.18589394285477862,-0.18589394285477862
0.9570765783749495,0.0457386522028418,0.0457386522028418
0.9758409438457577,-0.17621117494181396,-0.17621117494181396
0.9960762505742402,-0.08043604786640253,-0.08043604786640253
0.9975858592404538,0.040709650166385024,0.040709650166385024
0.8412538392875133,0.41420800478670333,0.41420800478670333
-0.44444492817392434,-0.5405193327646727,-0.5405193327646727
0.9790116044025144,-0.1577578462723622,-0.1577578462723622
0.99784582261387,0.038979941763646504,0.038979941763646504
0.13003360620447343,-0.1263518161383933,-0.1263518161383933
0.9996773062361306,0.009271072533025745,0.009271072533025745
0.9853190585021264,-0.10523566117628591,-0.10523566117628591
0.6051330333845668,-0.39580798128780015,-0.39580798128780015
0.9882652500156388,-0.14004497447401715,-0.14004497447401715
0.9986080813275502,-0.017338109071414406,-0.017338109071414406
0.9274003723819028,-0.24483434062137352,-0.24483434062137352
0.7958535039450851,-0.3648281786852812,-0.3648281786852812
0.9923183023907675,0.09085229366235516,0.09085229366235516
0.3325292322984368,0.30247040655061747,0.30247040655061747
0.9807867648609512,-0.14639926911816914,-0.14639926911816914
0.850632076784739,0.3812953075780112,0.3812953075780112
0.9508668311546525,-0.20705299971196728,-0.20705299971196728
0.8757394804896621,-0.3063677055376913,-0.3063677055376913
-0.604640036149313,-0.7628428967342629,-0.7628428967342629
0.7402973421021782,-0.5028998148899838,-0.5028998148899838
0.8577065370696991,0.24612136821970027,0.24612136821970027
0.9682796000324816,0.2468032336120169,0.2468032336120169
0.9864812338257269,-0.1477791803679499,-0.1477791803679499
0.9321346309195818,-0.2448165464621069,-0.2448165464621069
0.8019495027546372,0.364567633314549,0.364567633314549
0.6467093369374092,-0.518568278275307,-0.518568278275307
-0.46662127146612464,0.5959047826497283,0.5959047826497283
0.9668836507451269,0.1915162142992382,0.1915162142992382
-0.3310190752597037,-0.7131258870914685,-0.7131258870914685
0.9622834644555575,-0.2663655817009631,-0.2663655817009631
0.9772947758434397,0.015441443216653807,0.015441443216653807
0.9531042261281651,-0.11065895188125204,-0.11065895188125204
0.5962914569802399,-0.36485823944066853,-0.36485823944066853
0.4467070132554687,0.7470864102462488,0.7470864102462488
0.8554457474360424,0.3382139036268789,0.3382139036268789
0.7901786136852863,0.33528478741126055,0.33528478741126055
0.4876921790217063,-0.625903074397524,-0.625903074397524
0.9963317121755373,0.011538306353999566,0.011538306353999566
0.9950953142379828,-0.08301480522815083,-0.08301480522815083
0.9908286709461577,-0.029850424168896852,-0.029850424168896852
0.955839554371176,-0.07923687225892023,-0.07923687225892023
0.9655157180799033,-0.1763835399706497,-0.1763835399706497
0.9481986473674124,0.17651199140449303,0.17651199140449303
0.6941826264865467,0.5094081328522406,0.5094081328522406
0.9779792695053223,0.16257455113398997,0.16257455113398997
0.9975502046967583,0.039505557790659195,0.039505557790659195
0.06885354853830508,0.7253149424978603,0.7253149424978603
0.9770005467916344,0.1420634854842996,0.1420634854842996
0.8629647113151693,0.21228223154083592,0.21228223154083592
0.9141490029920029,-0.32142830868258015,-0.32142830868258015
0.8787733359052358,0.2840629055181591,0.2840629055181591
0.9680447321990184,-0.11372891744233153,-0.11372891744233153
0.6957801282357958,0.5189176144187483,0.5189176144187483
0.8460642499923224,0.30295708023059087,0.30295708023059087
0.8778089335404087,-0.3801496462804678,-0.3801496462804678
0.9707721325417911,0.06495500494084504,0.06495500494084504
0.9941110714437101,0.07111595420002598,0.07111595420002598
0.34815075312908933,-0.8979912834087386,-0.8979912834087386
-0.7209338092438428,-0.5221132018293417,-0.5221132018293417
0.9996661837791403,0.0233652878352173,0.0233652878352173
0.9959096689305751,0.056637710581050736,0.056637710581050736
0.7724487693663502,-0.3318452277585232,-0.3318452277585232
0.9429107696718582,0.20052318584705559,0.20052318584705559
0.9808125680712458,0.026482535651435556,0.026482535651435556
0.9547673825487979,0.11858054197132817,0.11858054197132817
0.9963459684568269,-0.020011417838586027,-0.020011417838586027
0.9575500817526689,-0.2687993586848053,-0.2687993586848053
0.8367301060453614,-0.525817063018871,-0.525817063018871
0.8314613090479809,0.30544826089442206,0.30544826089442206
0.5579527134951391,-0.5326240734281122,-0.5326240734281122
0.9608299828668563,0.20552373225406118,0.20552373225406118
0.9983550079206598,0.05722530650877427,0.05722530650877427
0.9514706655423324,-0.2517268066043199,-0.2517268066043199
0.6818534642701636,-0.49392409460498254,-0.49392409460498254
0.6700839801206285,-0.6014717257265062,-0.6014717257265062
0.8699083577813146,-0.22101703574823822,-0.22101703574823822
0.8585685364398699,0.34343893114005525,0.34343893114005525
0.759898660108467,-0.346969572016845,-0.346969572016845
0.74669588989906,-0.38781178083592655,-0.38781178083592655
0.9615712299912591,-0.17221591590251978,-0.17221591590251978
0.9991413275012413,-0.012429304131202627,-0.012429304131202627
0.7675604355890985,-0.4548742940772807,-0.4548742940772807
0.6050862957432039,-0.41600854093992873,-0.41600854093992873
0.9759352926740384,0.043788717802438835,0.043788717802438835
0.9733609103042477,-0.18061439048204106,-0.18061439048204106
0.9542985541456895,0.20477303619594434,0.20477303619594434
0.9969166967122794,0.07389582331511112,0.07389582331511112
0.9731987655830818,-0.17273368302265157,-0.17273368302265157
0.8364157290275813,0.3833589845290654,0.3833589845290654
0.9151023191381832,-0.3109816979190069,-0.3109816979190069
0.9286982942092165,0.22415319247411575,0.22415319247411575
0.9590333758471282,-0.23863200646820681,-0.23863200646820681
0.9923664624867211,0.11202922185505743,0.11202922185505743
0.9938218993089359,-0.10193583568787594,-0.10193583568787594
0.9929449614711077,0.05379030772726564,0.05379030772726564
0.9907876089706582,0.047591440138657466,0.047591440138657466
0.8286554286470729,-0.5552950342074499,-0.5552950342074499
0.9296821787835016,-0.26821676640559056,-0.26821676640559056
0.9557978117259023,-0.24312862609407143,-0.24312862609407143
0.9769754551502408,-0.17155976730561256,-0.17155976730561256
0.910733034487003,-0.33977762342681356,-0.33977762342681356
0.652233632458671,-0.5107191221419566,-0.5107191221419566
-0.8632870454075392,0.019538531740254793,0.019538531740254793
0.6477333080311847,0.7269959220414026,0.7269959220414026
0.6184529616572899,-0.38189865328676326,-0.38189865328676326
0.45697105598513854,-0.4935139679019042,-0.4935139679019042
0.9212117521654212,0.31347956356966517,0.31347956356966517
0.5615911490385922,0.5918504735299175,0.5918504735299175
0.9115507095043506,0.3146166018123304,0.3146166018123304
0.8777395860640134,0.44930698148973547,0.44930698148973547
0.981944706646632,-0.13987299334119727,-0.13987299334119727
0.9846153357490129,-0.13190408363818232,-0.13190408363818232
0.9983983247187808,0.04135574725302684,0.04135574725302684
0.998565684608851,-0.04464913903903226,-0.04464913903903226
0.9912442790837267,-0.05981484561264381,-0.05981484561264381
0.43406972309081904,0.1891067673069289,0.1891067673069289
0.9457957340571431,-0.22184899938413521,-0.22184899938413521
0.8943177650247193,0.02998133544942524,0.02998133544942524
0.9700449555350974,-0.13093968120675603,-0.13093968120675603
0.46530969557690255,0.4429484561239361,0.4429484561239361
0.10912541080880388,0.5680281686214488,0.5680281686214488
0.9997139915494879,0.01906010503539666,0.01906010503539666
0.8904130493627423,-0.2948790450868121,-0.2948790450868121
0.9868071275175062,-0.15545663871854756,-0.15545663871854756
0.9618611292826308,0.20988172220219029,0.20988172220219029
0.993831999980029,0.02639122559641324,0.02639122559641324
0.8959702201478805,-0.36637065586650425,-0.36637065586650425
0.9858657571844761,0.08152858317131667,0.08152858317131667
0.9774946129580333,0.12462156884675307,0.12462156884675307
0.9736896632515459,0.1949994738450832,0.1949994738450832
0.8434344213106415,0.14369927998978158,0.14369927998978158
0.9616713048291625,-0.27291984010742343,-0.27291984010742343
0.9831907888004973,0.0696639219623808,0.0696639219623808
0.9871319810174066,0.13374046744688692,0.13374046744688692
0.975107221301961,0.12156360841644812,0.12156360841644812
0.969073747835616,-0.045803082197463006,-0.045803082197463006
0.9862007846150901,-0.12862939050432953,-0.12862939050432953
0.9795798632981091,0.071963436498135,0.071963436498135
0.9624353947219227,0.24967198755698616,0.24967198755698616
0.9304693621560429,-0.2669927508297955,-0.2669927508297955
0.8738736750122146,-0.34831006615051835,-0.34831006615051835
0.9998425550725251,0.013339036724165466,0.013339036724165466
0.9346636069153131,-0.23927709056479143,-0.23927709056479143
0.2524276630446167,0.18341663153939977,0.18341663153939977
0.420159002327853,0.5010690414140972,0.5010690414140972
0.8855020213473941,-0.2880920712565083,-0.2880920712565083
0.7747277154955112,0.4022821156086809,0.4022821156086809
0.9803833724390001,-0.1520628453400603,-0.1520628453400603
0.7320928078100172,-0.4835847779038316,-0.4835847779038316
0.9984429902853553,-0.03693146095281048,-0.03693146095281048
0.33765178016009006,0.906508311727457,0.906508311727457
-0.19877157941991982,-0.4684674326325353,-0.4684674326325353
0.9506118478625906,-0.10014296308516231,-0.10014296308516231
0.7568295032840614,-0.3862940486503529,-0.3862940486503529
0.8257866599602601,-0.3989066872741655,-0.3989066872741655
0.9821946571901116,-0.17914615006878415,-0.17914615006878415
0.9993107603985315,0.037118882934552434,0.037118882934552434
0.9508401656271409,-0.3044111531486938,-0.3044111531486938
0.8652873071854619,0.3466164721641362,0.3466164721641362
0.9132071833627255,-0.32225112783581084,-0.32225112783581084
0.9875607595598183,-0.1263450381392473,-0.1263450381392473
0.9939633882725961,0.04082027501307622,0.04082027501307622
-0.094901012490694,0.795736852387039,0.795736852387039
0.9688235319027236,-0.14660911344196917,-0.14660911344196917
0.7783486950432797,-0.47134187972131014,-0.47134187972131014
0.9505032392413314,0.18463164645220478,0.18463164645220478
0.9765445679167593,0.15460886446178576,0.15460886446178576
0.9390860560643153,0.3205704109822703,0.3205704109822703
0.8167272055074357,0.4715108764925131,0.4715108764925131
0.9828258002072128,-0.10236944438844385,-0.10236944438844385
0.9918724380664622,0.07614035324632966,0.07614035324632966
0.9122517058822528,-0.09633818549255664,-0.09633818549255664
0.9961855501581924,0.07870353899882412,0.07870353899882412
-0.7121679647958139,0.6976335778777943,0.6976335778777943
0.9665297459083401,-0.23001956086766895,-0.23001956086766895
0.9816420460112006,-0.16173446385820575,-0.16173446385820575
0.8630802804890285,0.2828243043994241,0.2828243043994241
0.9658644575184719,0.18245866669477379,0.18245866669477379
0.9803973986390033,-0.1020311840828664,-0.1020311840828664
0.782285017714784,0.5135389664151887,0.5135389664151887
0.9939763412549536,0.10942816699375606,0.10942816699375606
0.9317258217353165,-0.28734522476909113,-0.28734522476909113
0.9132257905968966,-0.33641537952756545,-0.33641537952756545
0.9903476921540002,-0.02957716235017646,-0.02957716235017646
0.9997514626481706,-0.006765731736606452,-0.006765731736606452
0.6362994388492548,0.77042825370751,0.77042825370751
0.9537094649348984,0.29769614975866887,0.29769614975866887
0.9068499988522021,0.32618848058820554,0.32618848058820554
0.9346398948792191,0.2184817228164091,0.2184817228164091
0.8647507373040141,0.3685467335840886,0.3685467335840886
0.9988051462163412,-0.04886540521942357,-0.04886540521942357
0.9998925765792345,-8.707203860818632e-05,-8.707203860818632e-05
0.9628354597276099,-0.1847981420103546,-0.1847981420103546
0.23444007949661308,0.6584921918551098,0.6584921918551098
0.8189202718621585,-0.3394874999726951,-0.3394874999726951
0.5977008015332872,0.4606899182393337,0.4606899182393337
0.9819165198405253,0.10680777054224014,0.10680777054224014
0.6909357168227771,-0.5088327025234803,-0.5088327025234803
0.9610910109339942,-0.24529784569322774,-0.24529784569322774
0.5229232484563449,0.5683405342592497,0.5683405342592497
0.9790245087635356,0.20310306277041631,0.20310306277041631
0.9991622275608423,-0.034179954012364365,-0.034179954012364365
0.8581631276624724,0.31309338836515566,0.31309338836515566
0.9739135128799632,-0.15344007904242876,-0.15344007904242876
0.8420284067197241,-0.33700420009104537,-0.33700420009104537
0.6427579493657194,-0.6053724816752922,-0.6053724816752922
0.8665266577783717,-0.47204511694050916,-0.47204511694050916
0.9996732876859471,-0.020956698700641648,-0.020956698700641648
0.9381736125946512,0.18946688044912177,0.18946688044912177
0.9613157351153154,0.05483056521283777,0.05483056521283777
0.9907224040342602,-0.07542899443958663,-0.07542899443958663
0.7631129114717401,-0.40302766427799785,-0.40302766427799785
0.7739216847556324,-0.4872221911430118,-0.4872221911430118
0.36244993118291624,0.8160406065048283,0.8160406065048283
0.03647366302805154,0.9898794297387229,0.9898794297387229
0.9978686130341149,-0.06500889055042022,-0.06500889055042022
0.987358505255924,0.15607510842357392,0.15607510842357392
0.9156816558888324,-0.3041165106586727,-0.3041165106586727
0.8415596430562864,-0.5353932182100715,-0.5353932182100715
0.9942210588829214,0.0169170298080605,0.0169170298080605
0.6375906917207117,0.5689246558295865,0.5689246558295865
0.9951445542072416,-0.05872621255734271,-0.05872621255734271
0.8982962546077127,-0.30777352910169165,-0.30777352910169165
0.9938654698383396,-0.0957813843343327,-0.0957813843343327
0.9970757013920647,-0.07630346089529542,-0.07630346089529542
0.5978440633879136,0.5349283726229207,0.5349283726229207
0.5951739701447842,0.42625607486253153,0.42625607486253153
0.858289957316479,0.16783224346818368,0.16783224346818368
0.9340346911198641,-0.2978829342068008,-0.2978829342068008
0.41760797042506964,0.7215947039911979,0.7215947039911979
0.9881350066214669,-0.07585452962452051,-0.07585452962452051
0.9724060954029862,0.18400930785218053,0.18400930785218053
0.9283213002354165,-0.22228452635476711,-0.22228452635476711
0.9671057036827354,0.11588318851802054,0.11588318851802054
0.8713254911612741,0.281422951641929,0.281422951641929
0.9925472902571343,0.1163792224581187,0.1163792224581187
0.8891771356210441,-0.11126622956910204,-0.11126622956910204
0.9416873228439161,0.25120065631412186,0.25120065631412186
0.9871110068188812,-0.11675196776339919,-0.11675196776339919
0.9756165106324174,0.19849682396413862,0.19849682396413862
0.998368322855369,-0.05091482556385821,-0.05091482556385821
0.9147358328917664,-0.37829133965473344,-0.37829133965473344
0.8946218941849107,0.2674679418814446,0.2674679418814446
0.9897087141819393,0.14118211208972256,0.14118211208972256
0.8837387915688739,0.27100632835935323,0.27100632835935323
0.9994906542540137,-0.027890971087697104,-0.027890971087697104
0.9423023128368618,0.19152466734395626,0.19152466734395626
0.9934733333578929,-0.0656590224200603,-0.0656590224200603
0.9994528919271813,0.03302498745846422,0.03302498745846422
0.7279371020369058,-0.5182935840759637,-0.5182935840759637
0.9105604463901987,0.25977194601174847,0.25977194601174847
0.9518742378210243,-0.19941150152012807,-0.19941150152012807
0.9887854988062904,0.1298484647557364,0.1298484647557364
0.9731286636886809,-0.09421403134000188,-0.09421403134000188
0.9233598343850624,-0.3048331261824606,-0.3048331261824606
0.9921387743350545,0.09447336547800546,0.09447336547800546
0.9996205446987652,0.01478385948797697,0.01478385948797697
0.9738653542868143,-0.1296775041786409,-0.1296775041786409
0.9390454109383113,-0.30447037795212645,-0.30447037795212645
0.8857443100970845,0.27907691463953077,0.27907691463953077
0.11383853444348842,0.7062253766192653,0.7062253766192653
0.97364291908065,0.15222323039892854,0.15222323039892854
0.9995057635663364,-0.024718779238853277,-0.024718779238853277
0.9237094557878522,0.2120602879601117,0.2120602879601117
0.9572425432272439,-0.16655559351578994,-0.16655559351578994
0.9985940743201328,-0.04811451362570296,-0.04811451362570296
0.9975498406850544,0.06536048019981486,0.06536048019981486
0.9853084684271862,-0.1281368545683557,-0.1281368545683557
0.9367676518021048,-0.3119311123896102,-0.3119311123896102
0.998084402184182,-0.04290196793612855,-0.04290196793612855
0.9320055297489034,-0.3433262957599958,-0.3433262957599958
0.8883827316933305,-0.09095205241403859,-0.09095205241403859
0.9143286297318935,0.1701183967010501,0.1701183967010501
0.996760269805124,0.06344237317187842,0.06344237317187842
0.9114662008012261,0.06369195274762357,0.06369195274762357
0.7975407173482667,-0.3478064961967912,-0.3478064961967912
0.9921330699615731,0.0868332044709446,0.0868332044709446
0.7496965328914247,-0.32498363330648183,-0.32498363330648183
0.9988155472790214,0.021979509459394458,0.021979509459394458
0.9317508249103,-0.259542275481969,-0.259542275481969
0.8341506169439631,0.40691122534845936,0.40691122534845936
0.9857709626249598,-0.08201659923769025,-0.08201659923769025
0.9973648602596824,0.029212548913412906,0.029212548913412906
0.9955929557754157,-0.065617554763221,-0.065617554763221
0.08634672123681023,0.8170688256470577,0.8170688256470577
0.9433088322164418,0.3180247447202144,0.3180247447202144
0.9346930768196997,-0.15820518679866907,-0.15820518679866907
-0.0994996352715594,0.5047066212209256,0.5047066212209256
0.9910620972643306,0.12731985990489963,0.12731985990489963
0.9876536707050444,0.12046090476607478,0.12046090476607478
0.9999681205473878,0.006271648553471186,0.006271648553471186
0.9753554930417214,-0.11421612123500492,-0.11421612123500492
0.8938967661520367,-0.2898335691223096,-0.2898335691223096
0.8636518943382699,0.2957128599832891,0.2957128599832891
0.991917740113068,-0.04531963243887116,-0.04531963243887116
0.5768723790329403,-0.5462508538448048,-0.5462508538448048
0.9903136676237292,0.04489694387086754,0.04489694387086754
0.4898694586347619,-0.532293190238185,-0.532293190238185
0.9925711501440194,-0.12145223594709943,-0.12145223594709943
0.9937128301809821,-0.06287831913836855,-0.06287831913836855
0.9859006200147462,-0.1389413733195974,-0.1389413733195974
0.9332751498826463,0.20345571851621835,0.20345571851621835
0.9143219277511043,-0.2555357703155397,-0.2555357703155397
0.9922356395758735,0.07811363509267574,0.07811363509267574
0.8156789252444605,0.4071968653110953,0.4071968653110953
0.8942797481056229,-0.3354399771373846,-0.3354399771373846
0.7016949583240121,-0.6118111201706019,-0.6118111201706019
0.989178421093369,0.13697347253001932,0.13697347253001932
0.997478043020097,0.02955487385088147,0.02955487385088147
0.9979741750897425,-0.033933910975172635,-0.033933910975172635
0.9066466003921546,-0.31666003435160345,-0.31666003435160345
0.9820832640763791,-0.1133094200166212,-0.1133094200166212
0.9760306639696638,0.1938780325257865,0.1938780325257865
0.38279578906684286,-0.706759088480964,-0.706759088480964
0.9836526441071701,0.10222106058839606,0.10222106058839606
0.9004416698160629,-0.2756090723585474,-0.2756090723585474
0.9857348150073494,0.10435652624242932,0.10435652624242932
0.9539286310400397,-0.2337586312862377,-0.2337586312862377
0.8458516434042189,-0.35827252373839324,-0.35827252373839324
0.997226242781525,-0.06499079817187212,-0.06499079817187212
0.4287671926936431,-0.6708703361743976,-0.6708703361743976
0.9463206465975508,-0.2567491636013998,-0.2567491636013998
0.9944808310177546,0.09706122273249858,0.09706122273249858
0.29423401513031944,0.9436143211855342,0.9436143211855342
0.9664201497946648,0.1760692867961714,0.1760692867961714
0.7390460915038464,-0.4578214453255385,-0.4578214453255385
0.9878400311318748,0.014010546739820008,0.014010546739820008
0.9265692884920753,0.21643901529746562,0.21643901529746562
0.8146877184293018,-0.42329024223208195,-0.42329024223208195
0.9357188003636001,0.257188552998536,0.257188552998536
0.9831908624732105,0.07849558636905202,0.07849558636905202
0.9990223835238831,-0.008963489403798028,-0.008963489403798028
0.9535011198413964,0.1478237062872199,0.1478237062872199
0.9932137834806779,0.04504648326077721,0.04504648326077721
0.8852297898415039,-0.32559054463122505,-0.32559054463122505
-0.7088300769826509,0.02325571890807949,0.02325571890807949
0.9115402304375678,0.23205875666256368,0.23205875666256368
0.9863256966926657,0.1645996932905658,0.1645996932905658
0.9690667199393639,0.12731696719927507,0.12731696719927507
0.9450260955305231,-0.27623958108147934,-0.27623958108147934
0.9340692037637768,-0.25417627790053204,-0.25417627790053204
0.9557709986166342,-0.16405709805462276,-0.16405709805462276
0.9550893351717203,-0.26933859673039146,-0.26933859673039146
0.9106096497301047,0.30152369342387736,0.30152369342387736
0.9438354905178152,-0.25554823189547005,-0.25554823189547005
0.9899000722341345,-0.1316583335047272,-0.1316583335047272
0.9883958954569827,0.12986630320918266,0.12986630320918266
0.926960682380696,-0.2332916196968682,-0.2332916196968682
0.985115972866746,-0.1281787773031445,-0.1281787773031445
0.90108883663502,0.3527000833202978,0.3527000833202978
0.912423188472497,0.2760037441290264,0.2760037441290264
0.9718731968383859,0.1766264611941252,0.1766264611941252
0.9976393073169444,-0.043928251234627194,-0.043928251234627194
0.9772298029864509,-0.15869975799331495,-0.15869975799331495
0.7767782400961788,-0.5455025824787559,-0.5455025824787559
0.7740240694883475,-0.44971720622624306,-0.44971720622624306
0.9802038438466085,-0.08545252891520752,-0.08545252891520752
0.9996936696677101,0.01613788417848623,0.01613788417848623
0.9964997166733212,-0.0835864236230711,-0.0835864236230711
0.9373908486672373,-0.2851679097519562,-0.2851679097519562
0.9739714066259029,0.21319826149194393,0.21319826149194393
0.9910269376259533,-0.06855597414678782,-0.06855597414678782
0.9981726307620782,0.05735483034930949,0.05735483034930949
0.9772871438596475,0.16689548632169948,0.16689548632169948
0.9998687434294646,0.0017593238414892222,0.0017593238414892222
0.9985291757257723,-0.0121770962114348,-0.0121770962114348
0.8936868784321301,-0.32922268442805674,-0.32922268442805674
0.9726957471343755,-0.18923932799750673,-0.18923932799750673
0.9513387230393094,0.18407986821885075,0.18407986821885075
0.9985412823899206,-0.05366207193306102,-0.05366207193306102
0.9934247869035572,0.03427550335298425,0.03427550335298425
0.530425405230242,0.6516094262173392,0.6516094262173392
0.9397373242857985,-0.11324499456033096,-0.11324499456033096
0.9988605259641435,-0.009686497539649997,-0.009686497539649997
0.9577955620185135,0.25259028524175703,0.25259028524175703
0.9897674842234991,-0.12523269302363624,-0.12523269302363624
0.9997893492189737,0.012227553236015673,0.012227553236015673
0.6660500086253145,-0.4605217003449694,-0.4605217003449694
0.9994466961597334,0.02586042588958776,0.02586042588958776
0.9969024311797923,-0.05746873556253525,-0.05746873556253525
0.6953361218377928,0.5031869898034348,0.5031869898034348
0.7883693153682545,-0.3591452194223389,-0.3591452194223389
0.663024827141422,-0.7386696124231285,-0.7386696124231285
0.9723922374116528,-0.19298186520688948,-0.19298186520688948
0.8712142753059829,-0.3843971685390382,-0.3843971685390382
0.9962945054746464,-0.021806582776886588,-0.021806582776886588
0.85352260486112,-0.36472101892586284,-0.36472101892586284
0.7719446848100702,0.4407629072512249,0.4407629072512249
0.9409680503664842,0.24345001730818377,0.24345001730818377
0.98694562004749,-0.08382725127566104,-0.08382725127566104
0.9998532205356999,-0.01535304894712969,-0.01535304894712969
0.9979341109133469,0.022624444713354938,0.022624444713354938
0.8317482941530998,0.3878802174035742,0.3878802174035742
0.8223827826747366,-0.5603552956604938,-0.5603552956604938
0.9183036397075569,0.13788728045382304,0.13788728045382304
0.999135689498296,-0.04156765723295494,-0.04156765723295494
0.7382547972742858,-0.5576822780836242,-0.5576822780836242
0.9511146840033876,-0.244410730417126,-0.244410730417126
0.8220137199485607,0.41425093401767077,0.41425093401767077
0.987310397836713,0.07905315454952043,0.07905315454952043
0.9988367153583999,0.044355003929505706,0.044355003929505706
0.9963960695750826,0.010433387335789879,0.010433387335789879
0.9102019070910313,-0.22002016508123684,-0.22002016508123684
0.991190721260819,-0.08087029104074177,-0.08087029104074177
0.97570332201109,0.18235314729721028,0.18235314729721028
0.9971710940268106,-0.07515650515021727,-0.07515650515021727
0.979223674605879,-0.10136884686462298,-0.10136884686462298
0.9934051481979628,0.05968912396322491,0.05968912396322491
0.8479229712060384,-0.3762432829150522,-0.3762432829150522
0.9689363194675497,-0.17297888470524264,-0.17297888470524264
0.9515700606513213,0.1694799011596317,0.1694799011596317
0.9955726820895319,-0.010210763381313853,-0.010210763381313853
0.9713595823239527,-0.12800006490602014,-0.12800006490602014
0.9749490670816641,0.18536155668704107,0.18536155668704107
0.8839888166964426,0.2827857500378582,0.2827857500378582
0.9247764214093186,0.3727886014004969,0.3727886014004969
0.9933644483133368,-0.09518004552936943,-0.09518004552936943
0.9981430212437138,-0.032615282407539165,-0.032615282407539165
0.9908848824500145,-0.11368624149638151,-0.11368624149638151
0.9983233614333277,-0.056683846835653355,-0.056683846835653355
0.9094423831325781,-0.25258529113589956,-0.25258529113589956
0.613338341912744,-0.4031177828854339,-0.4031177828854339
0.9219246824257101,-0.32773200838578054,-0.32773200838578054
0.9985316500906283,-0.05382549111654469,-0.05382549111654469
0.9948738281457561,-0.026277607146146787,-0.026277607146146787
0.6881859099012183,-0.39502831523072257,-0.39502831523072257
0.9610465750624438,0.23097590416824168,0.23097590416824168
0.8204725751241068,-0.4970952474689573,-0.4970952474689573
0.9997196478997503,0.003671185646726907,0.003671185646726907
-0.9216400210470305,0.35143583866923345,0.35143583866923345
0.9787409220574891,-0.17787723223660074,-0.17787723223660074
0.9585999359156014,-0.08318885802404369,-0.08318885802404369
0.8598208658694433,0.35466083275395227,0.35466083275395227
0.9822509271538584,-0.17205763758246337,-0.17205763758246337
0.7121521949121421,-0.6866844238310698,-0.6866844238310698
0.8277582998466384,-0.39482402210737105,-0.39482402210737105
0.7622491843927263,0.39630308097781153,0.39630308097781153
0.97199160320852,-0.1725350288274716,-0.1725350288274716
0.9689232514496697,-0.1404778109658639,-0.1404778109658639
0.9411249886703672,-0.22416255792664652,-0.22416255792664652
0.9839418404991408,0.08164003329477837,0.08164003329477837
0.9913235807345996,-0.12552497139532132,-0.12552497139532132
0.9416481982225609,-0.2649644459637406,-0.2649644459637406
0.9986924425069162,0.04830025982234023,0.04830025982234023
0.13900006543678314,-0.5405009757119815,-0.5405009757119815
0.9928657079576209,0.04227061648214504,0.04227061648214504
0.9877899691166612,0.06382568558702019,0.06382568558702019
0.9913991663750554,-0.0692952284530756,-0.0692952284530756
0.9424409136871534,-0.22550240002319377,-0.22550240002319377
0.9548737171800741,-0.22142637871657456,-0.22142637871657456
0.9906946174439215,0.09606498559308414,0.09606498559308414
-0.8049937058123203,-0.5537497113507538,-0.5537497113507538
0.7836885820233522,-0.41390783360136624,-0.41390783360136624
0.9978400720731265,-0.029557409201391948,-0.029557409201391948
0.9941133609989486,0.04446330919970688,0.04446330919970688
0.9942221716976624,-0.05947770073851414,-0.05947770073851414
0.9998943822730857,-0.0024996389089957985,-0.0024996389089957985
0.9522641890542883,0.22907036791104826,0.22907036791104826
0.9381158010255948,-0.3017693426282315,-0.3017693426282315
0.9572719105642271,0.22483455910802727,0.22483455910802727
0.9619736757508843,-0.1359336437391853,-0.1359336437391853
0.9917733069507199,0.025494086878782577,0.025494086878782577
0.8896368785709688,0.3646075497469113,0.3646075497469113
0.9351295820151474,0.2786625398461724,0.2786625398461724
0.9643280099980374,0.19888244184204001,0.19888244184204001
0.9706074205591221,0.1970905189735834,0.1970905189735834
0.9178835640934758,0.2554431085905502,0.2554431085905502
0.9558873500958551,-0.20433799427714386,-0.20433799427714386
0.6791068366649206,-0.41034807543428087,-0.41034807543428087
0.9998596303308114,0.0163619135255258,0.0163619135255258
0.9869120771947892,0.12055547196170763,0.12055547196170763
0.9961972521574686,-0.0867817364844855,-0.0867817364844855
0.9722366894335465,-0.11078600212529016,-0.11078600212529016
0.9577900156480958,0.04648246346310596,0.04648246346310596
0.9445583884142593,0.22574029764700548,0.22574029764700548
0.9916933138380323,-0.002802444722437742,-0.002802444722437742
0.7938795057730692,-0.41576516025711924,-0.41576516025711924
0.9833264592703336,-0.1383245095630034,-0.1383245095630034
0.9981705177347218,0.05704751238882884,0.05704751238882884
0.9760671609637991,-0.15646114868077937,-0.15646114868077937
0.9992794771660028,-0.02362738389275883,-0.02362738389275883
0.9886339737981393,-0.10697212926097807,-0.10697212926097807
0.9993021805809323,-0.02200998642209864,-0.02200998642209864
0.9976605447275164,0.02448287772774139,0.02448287772774139
0.9455047771599806,0.21280202009930232,0.21280202009930232
0.9980704028996373,0.05101263080908512,0.05101263080908512
0.997225229036999,-0.07423354304268559,-0.07423354304268559
0.9875505969123983,0.08616881247942382,0.08616881247942382
0.9721577284190338,0.1847016385274216,0.1847016385274216
0.9161647685867631,0.3048710935166005,0.3048710935166005
0.9984394424191048,0.03316341692811793,0.03316341692811793
0.9668544191193804,-0.13120776403856219,-0.13120776403856219
0.9789291830007198,-0.12484342266064377,-0.12484342266064377
0.9478223602839163,-0.25536692446885667,-0.25536692446885667
0.9998617911649331,0.005924342230539448,0.005924342230539448
0.9974502319271858,-0.06464211951069969,-0.06464211951069969
0.9747175701794956,-0.12641264552846362,-0.12641264552846362
0.9596513532956534,0.2086664362581374,0.2086664362581374
0.9916801456559113,0.08632907858504643,0.08632907858504643
0.9883006168646016,-0.116809439031726,-0.116809439031726
0.9550350201159101,-0.2447365752389761,-0.2447365752389761
0.9466518413936069,-0.2137137951655548,-0.2137137951655548
0.9939313161765185,-0.08386195455801157,-0.08386195455801157
0.9999326834738885,-0.010253666815983687,-0.010253666815983687
0.819298554805069,0.27575868652328983,0.27575868652328983
0.9186662428353192,0.31230049012828365,0.31230049012828365
0.9439669263678583,0.17743808332553027,0.17743808332553027
0.9953924721723866,-0.0054752714888407165,-0.0054752714888407165
0.9710965802156122,-0.16992085963186845,-0.16992085963186845
0.9083951145027693,-0.2813632613635462,-0.2813632613635462
0.9207593402589149,0.04844026251251665,0.04844026251251665
0.9924763124279226,-0.021943530443165073,-0.021943530443165073
0.8548418458369671,0.38713520400273116,0.38713520400273116
-0.8005042531650088,-0.5216233882626793,-0.5216233882626793
0.33723256649088207,-0.7156660758215375,-0.7156660758215375
0.7772713073170685,-0.4290325335677488,-0.4290325335677488
0.8410267650708522,-0.18844830741178245,-0.18844830741178245
0.9559637593998533,0.19603121009231686,0.19603121009231686
0.9890741720153838,-0.1258788172062971,-0.1258788172062971
0.938048093661158,0.25298829784184024,0.25298829784184024
0.9796192568483592,0.0049755683799389,0.0049755683799389
-0.3424977893498115,0.5987051035999864,0.5987051035999864
0.8122709302087627,0.2298446113092418,0.2298446113092418
-0.388990924380709,0.3582100349026695,0.3582100349026695
0.9992353525978708,-0.027936997576392533,-0.027936997576392533
0.9992336972819909,-0.039137343901584395,-0.039137343901584395
0.7278862819786283,-0.6109632458786263,-0.6109632458786263
0.9971241997969574,-0.07500984119694154,-0.07500984119694154
0.9752856486522593,0.13498865726410314,0.13498865726410314
0.9468251255763889,0.2569986512346534,0.2569986512346534
0.9301094173596843,0.2564197338178641,0.2564197338178641
0.8058322894709644,-0.3962689977495873,-0.3962689977495873
0.7495236198770133,-0.37142503155054957,-0.37142503155054957
0.9708089836886507,0.10947205474520638,0.10947205474520638
0.9541752429300737,0.24330228830288314,0.24330228830288314
0.8254570657644519,0.4575204742689173,0.4575204742689173
0.7108515931271668,-0.3385289216241655,-0.3385289216241655
0.9117681879200363,0.19451800774915667,0.19451800774915667
0.8468644989165399,0.36352823491409025,0.36352823491409025
0.9975343650352334,-0.06988861492573549,-0.06988861492573549
0.8990773420014146,-0.17516831121885365,-0.17516831121885365
0.8679715358418538,-0.28790776030279763,-0.28790776030279763
0.9800008176666183,-0.021796421211438977,-0.021796421211438977
0.15266021839917818,0.8013642339116056,0.8013642339116056
0.9852957551460818,0.14055146852793732,0.14055146852793732
0.9899345205318952,0.09074962157570719,0.09074962157570719
0.7986418684460835,-0.46565970788628996,-0.46565970788628996
0.8192303559224899,0.39191197646607745,0.39191197646607745
0.9273750233976169,-0.284269700819063,-0.284269700819063
0.9497724310568905,0.2464369221850295,0.2464369221850295
0.6724807985323159,-0.5201359646066964,-0.5201359646066964
0.9685709072626592,0.1633622504120297,0.1633622504120297
0.6954953592056784,0.45460063838309717,0.45460063838309717
0.990579045157746,-0.10936809080359937,-0.10936809080359937
0.8135680461266648,0.4113012691989456,0.4113012691989456
1.0,0.0,0.0
1.0,0.0,0.0
1.0,0.0,0.0
1.0,0.0,0.0
1.0,0.0,0.0
1.0,0.0,0.0
1.0,0.0,0.0
1.0,0.0,0.0
1.0,0.0,0.0
1.0,0.0,0.0
1.0,0.0,0.0
1.0,0.0,0.0
1.0,0.0,0.0
1.0,0.0,0.0
1.0,0.0,0.0
1.0,0.0,0.0
1.0,0.0,0.0
1.0,0.0,0.0
1.0,0.0,0.0
1.0,0.0,0.0
1.0,0.0,0.0
1.0,0.0,0.0
1.0,0.0,0.0
1.0,0.0,0.0
1.0,0.0,0.0
1.0,0.0,0.0
1.0,0.0,0.0
1.0,0.0,0.0
1.0,0.0,0.0
1.0,0.0,0.0
1.0,0.0,0.0
1.0,0.0,0.0
1.0,0.0,0.0
1.0,0.0,0.0
1.0,0.0,0.0
1.0,0.0,0.0
1.0,0.0,0.0
1.0,0.0,0.0
1.0,0.0,0.0
1.0,0.0,0.0
1.0,0.0,0.0
1.0,0.0,0.0
1.0,0.0,0.0
1.0,0.0,0.0
1.0,0.0,0.0
1.0,0.0,0.0
1.0,0.0,0.0
1.0,0.0,0.0
1.0,0.0,0.0
1.0,0.0,0.0
1.0,0.0,0.0
1.0,0.0,0.0
1.0,0.0,0.0
1.0,0.0,0.0
1.0,0.0,0.0
1.0,0.0,0.0
1.0,0.0,0.0
1.0,0.0,0.0
1.0,0.0,0.0
1.0,0.0,0.0
1.0,0.0,0.0
1.0,0.0,0.0
1.0,0.0,0.0
1.0,0.0,0.0
1.0,0.0,0.0
1.0,0.0,0.0
1.0,0.0,0.0
1.0,0.0,0.0
1.0,0.0,0.0
1.0,0.0,0.0
1.0,0.0,0.0
1.0,0.0,0.0
1.0,0.0,0.0
1.0,0.0,0.0
1.0,0.0,0.0
1.0,0.0,0.0
1.0,0.0,0.0
1.0,0.0,0.0
1.0,0.0,0.0
1.0,0.0,0.0
1.0,0.0,0.0
1.0,0.0,0.0
1.0,0.0,0.0
1.0,0.0,0.0
1.0,0.0,0.0
1.0,0.0,0.0
1.0,0.0,0.0
1.0,0.0,0.0
1.0,0.0,0.0
1.0,0.0,0.0
1.0,0.0,0.0
1.0,0.0,0.0
1.0,0.0,0.0
1.0,0.0,0.0
1.0,0.0,0.0
1.0,0.0,0.0
1.0,0.0,0.0
1.0,0.0,0.0
1.0,0.0,0.0
1.0,0.0,0.0
1.0,0.0,0.0
1.0,0.0,0.0
1.0,0.0,0.0
1.0,0.0,0.0
1.0,0.0,0.0
1.0,0.0,0.0
1.0,0.0,0.0
1.0,0.0,0.0
1.0,0.0,0.0
1.0,0.0,0.0
1.0,0.0,0.0
1.0,0.0,0.0
1.0,0.0,0.0
1.0,0.0,0.0
1.0,0.0,0.0
1.0,0.0,0.0
1.0,0.0,0.0
1.0,0.0,0.0
1.0,0.0,0.0
1.0,0.0,0.0
1.0,0.0,0.0
1.0,0.0,0.0
1.0,0.0,0.0
1.0,0.0,0.0
1.0,0.0,0.0
1.0,0.0,0.0
1.0,0.0,0.0
1.0,0.0,0.0
1.0,0.0,0.0
1.0,0.0,0.0
1.0,0.0,0.0
1.0,0.0,0.0
1.0,0.0,0.0
1.0,0.0,0.0
1.0,0.0,0.0
1.0,0.0,0.0
1.0,0.0,0.0
1.0,0.0,0.0
1.0,0.0,0.0
1.0,0.0,0.0
1.0,0.0,0.0
1.0,0.0,0.0
1.0,0.0,0.0
1.0,0.0,0.0
1.0,0.0,0.0
1.0,0.0,0.0
1.0,0.0,0.0
1.0,0.0,0.0
1.0,0.0,0.0
1.0,0.0,0.0
1.0,0.0,0.0
1.0,0.0,0.0
1.0,0.0,0.0
1.0,0.0,0.0
1.0,0.0,0.0
1.0,0.0,0.0
1.0,0.0,0.0
1.0,0.0,0.0
1.0,0.0,0.0
1.0,0.0,0.0
1.0,0.0,0.0
1.0,0.0,0.0
1.0,0.0,0.0
1.0,0.0,0.0
1.0,0.0,0.0
1.0,0.0,0.0
1.0,0.0,0.0
1.0,0.0,0.0
1.0,0.0,0.0
1.0,0.0,0.0
1.0,0.0,0.0
1.0,0.0,0.0
1.0,0.0,0.0
1.0,0.0,0.0
1.0,0.0,0.0
1.0,0.0,0.0
1.0,0.0,0.0
1.0,0.0,0.0
1.0,0.0,0.0
1.0,0.0,0.0
1.0,0.0,0.0
1.0,0.0,0.0
1.0,0.0,0.0
1.0,0.0,0.0
1.0,0.0,0.0
1.0,0.0,0.0
1.0,0.0,0.0
1.0,0.0,0.0
1.0,0.0,0.0
1.0,0.0,0.0
1.0,0.0,0.0
1.0,0.0,0.0
1.0,0.0,0.0
1.0,0.0,0.0
1.0,0.0,0.0
1.0,0.0,0.0
1.0,0.0,0.0
1.0,0.0,0.0
1.0,0.0,0.0
1.0,0.0,0.0
1.0,0.0,0.0
1.0,0.0,0.0
1.0,0.0,0.0
1.0,0.0,0.0
1.0,0.0,0.0
1.0,0.0,0.0
1.0,0.0,0.0
1.0,0.0,0.0
1.0,0.0,0.0
1.0,0.0,0.0
1.0,0.0,0.0
1.0,0.0,0.0
1.0,0.0,0.0
1.0,0.0,0.0
1.0,0.0,0.0
1.0,0.0,0.0
1.0,0.0,0.0
1.0,0.0,0.0
1.0,0.0,0.0
1.0,0.0,0.0
1.0,0.0,0.0
1.0,0.0,0.0
1.0,0.0,0.0
1.0,0.0,0.0
1.0,0.0,0.0
1.0,0.0,0.0
1.0,0.0,0.0
1.0,0.0,0.0
1.0,0.0,0.0
1.0,0.0,0.0
1.0,0.0,0.0
1.0,0.0,0.0
1.0,0.0,0.0
1.0,0.0,0.0
1.0,0.0,0.0
1.0,0.0,0.0
1.0,0.0,0.0
1.0,0.0,0.0
1.0,0.0,0.0
1.0,0.0,0.0
1.0,0.0,0.0
1.0,0.0,0.0
1.0,0.0,0.0
1.0,0.0,0.0
1.0,0.0,0.0
1.0,0.0,0.0
1.0,0.0,0.0
1.0,0.0,0.0
1.0,0.0,0.0
1.0,0.0,0.0
1.0,0.0,0.0
1.0,0.0,0.0
1.0,0.0,0.0
1.0,0.0,0.0
1.0,0.0,0.0
1.0,0.0,0.0
1.0,0.0,0.0
1.0,0.0,0.0
