0
15
17
19
29
51
58
60
62
70
71
76
81
84
87
95
114
143
148
154
157
165
166
176
180
187
190
197
199
215
225
245
246
249
258
259
276
277
281
285
291
293
296
300
350
354
356
357
366
374
379
384
387
388
389
397
399
406
407
411
414
415
417
418
455
459
460
462
479
491
493
504
509
521
522
530
534
537
551
559
569
577
586
598
599
607
610
621
634
638
648
659
672
676
677
683
689
708
712
717
746
754
784
792
811
812
817
830
861
866
871
873
875
879
905
911
912
963
971
977
979
981
985
986
1051
1059
1065
1093
1096
1100
1104
1110
1111
1113
1148
1154
1156
1161
1167
1174
1176
1180
1182
1183
1185
1197
1207
1217
1222
1224
1234
1237
1240
1247
1249
1252
1254
1270
1276
1278
1284
1289
1299
1300
1309
1331
1336
1337
1343
1348
1363
1381
1410
1435
1453
1470
1471
1480
1481
1493
1497
1502
1511
1514
1537
1551
1556
1564
1567
1574
1585
1601
1602
1625
1633
1636
1644
1653
1657
1680
1683
1709
1715
1717
1722
1729
1753
1758
1760
1765
1768
1770
1795
1796
1800
1814
1815
1823
1826
1839
1842
1846
1861
1871
1881
1891
1900
1909
1915
1930
1939
1944
1968
1971
1998
2007
2010
2016
2017
2021
2025
2028
2029
2030
2037
2042
2043
2044
2051
2053
2056
2063
2065
2066
2070
2073
2087
2088
2090
2105
2112
2121
2122
2126
2127
2134
2139
2141
2144
2146
2147
2165
2173
2174
2193
2194
2198
2199
2200
2201
2202
2208
2214
2228
2244
2262
2264
2266
2270
2274
2278
2283
2295
2298
2299
2302
2308
2313
2315
2320
2329
2333
2335
2338
2365
2366
2367
2374
2385
2396
2407
2428
2438
2439
2447
2448
2464
2494
2496
2503
2522
2530
2540
2565
2579
2580
2610
2618
2619
2679
2692
2693
2695
2696
2703
2721
2787
2789
2804
2805
2807
2811
2813
2815
2823
2826
2834
2837
2838
2840
2854
2856
2859
2873
2876
2878
2879
2885
2886
2887
2888
2889
2891
2892
2893
2897
2906
2907
2909
2910
2911
2912
2924
2936
2937
2939
2966
