1
2
8
11
13
14
20
21
22
23
24
27
28
31
33
35
37
39
40
42
43
44
47
49
50
52
53
54
61
63
66
68
69
73
77
78
79
80
82
83
85
88
89
91
92
93
94
96
97
101
102
103
104
107
109
113
118
120
121
124
127
128
129
130
131
132
134
135
136
137
139
140
144
145
146
147
149
150
151
152
153
156
159
163
168
173
175
177
182
184
188
189
192
193
194
202
205
207
209
216
217
218
219
221
223
228
229
230
233
236
241
247
248
251
252
253
255
260
262
263
264
265
266
267
271
273
274
283
284
302
304
306
317
319
320
321
323
324
325
327
328
329
330
331
336
337
338
339
340
341
346
347
349
351
353
358
359
360
361
362
363
364
365
377
378
391
394
398
402
403
404
405
408
410
412
421
426
427
430
431
432
435
436
438
442
443
444
445
448
450
451
453
454
467
469
471
473
475
477
478
480
481
483
484
486
487
490
494
495
497
500
503
507
511
515
517
518
519
520
524
527
528
529
533
539
540
541
542
543
546
547
548
550
552
553
554
555
556
561
563
564
565
566
567
568
571
573
575
578
579
583
588
591
592
593
594
595
596
597
600
601
606
612
613
614
615
617
623
625
628
629
633
636
637
640
641
642
643
645
646
647
650
652
653
654
657
658
660
661
663
664
665
667
670
674
675
678
679
680
682
686
687
688
691
692
693
694
695
697
702
703
705
706
709
711
722
724
725
726
727
729
730
733
734
738
739
740
741
742
743
744
747
748
750
751
753
756
757
759
761
763
764
765
766
767
768
769
771
772
773
776
777
778
779
783
786
787
790
791
793
794
797
798
799
801
802
807
808
813
814
815
818
821
822
823
827
832
833
835
836
837
839
840
842
843
847
849
851
852
854
859
863
867
876
880
883
886
889
892
894
896
897
899
901
902
908
914
915
916
917
920
921
922
925
932
934
936
937
940
941
944
946
947
949
950
951
953
955
956
958
959
960
961
962
964
965
967
968
972
973
978
982
983
993
997
998
999
1000
1002
1003
1005
1007
1011
1014
1015
1017
1018
1019
1020
1021
1023
1024
1025
1027
1029
1030
1032
1033
1034
1035
1036
1037
1040
1041
1042
1045
1046
1047
1049
1050
1052
1054
1058
1060
1063
1064
1066
1067
1068
1071
1072
1074
1075
1077
1078
1082
1083
1084
1085
1086
1087
1088
1090
1091
1094
1098
1102
1106
1116
1117
1118
1120
1122
1123
1131
1132
1133
1136
1143
1144
1146
1149
1151
1152
1155
1157
1158
1165
1168
1170
1171
1172
1173
1175
1181
1186
1189
1190
1193
1194
1199
1200
1201
1202
1204
1213
1219
1220
1223
1226
1232
1241
1243
1244
1248
1258
1259
1261
1263
1264
1268
1269
1277
1280
1287
1288
1290
1292
1294
1295
1297
1301
1314
1319
1321
1327
1329
1333
1334
1335
1342
1344
1345
1346
1350
1351
1352
1353
1355
1356
1357
1365
1366
1368
1371
1374
1376
1378
1379
1385
1388
1391
1392
1393
1394
1395
1396
1406
1408
1411
1413
1415
1419
1421
1424
1426
1427
1430
1431
1432
1433
1437
1438
1440
1441
1442
1443
1444
1445
1447
1448
1449
1451
1454
1456
1458
1460
1461
1462
1463
1464
1467
1469
1473
1476
1478
1479
1485
1487
1489
1490
1491
1496
1499
1500
1504
1507
1512
1516
1517
1518
1520
1521
1522
1523
1524
1526
1529
1531
1534
1538
1539
1540
1542
1544
1546
1547
1549
1552
1553
1554
1555
1557
1563
1566
1568
1569
1571
1572
1573
1578
1579
1582
1587
1589
1592
1593
1594
1595
1597
1598
1600
1604
1609
1610
1613
1614
1616
1618
1619
1620
1622
1626
1628
1630
1631
1637
1638
1639
1645
1646
1648
1649
1650
1651
1652
1654
1655
1662
1664
1670
1671
1672
1673
1678
1681
1684
1685
1687
1688
1690
1691
1693
1695
1700
1701
1703
1706
1711
1718
1719
1720
1721
1724
1725
1727
1728
1732
1733
1739
1741
1743
1745
1746
1748
1752
1756
1761
1762
1772
1773
1774
1775
1776
1780
1781
1782
1783
1784
1786
1787
1790
1792
1794
1798
1799
1801
1802
1803
1807
1810
1811
1813
1816
1818
1821
1825
1827
1828
1829
1830
1831
1833
1834
1838
1841
1843
1844
1845
1848
1851
1852
1853
1855
1857
1858
1859
1864
1866
1869
1870
1873
1874
1875
1879
1880
1885
1889
1890
1896
1897
1899
1901
1902
1904
1905
1906
1907
1911
1913
1919
1920
1922
1923
1924
1925
1927
1929
1933
1934
1936
1937
1941
1942
1943
1945
1947
1949
1951
1952
1953
1954
1957
1958
1961
1962
1963
1966
1967
1969
1970
1972
1973
1978
1979
1980
1982
1983
1985
1987
1988
1989
1993
1994
1995
1997
2000
2001
2002
2004
2005
2008
2009
2012
2015
2018
2019
2020
2024
2027
2031
2032
2033
2034
2035
2036
2038
2046
2047
2052
2058
2059
2062
2067
2083
2098
2100
2101
2102
2110
2111
2113
2119
2120
2125
2130
2136
2137
2142
2145
2150
2151
2152
2154
2156
2157
2167
2168
2169
2170
2175
2176
2177
2178
2180
2181
2183
2185
2186
2187
2188
2189
2190
2192
2195
2196
2197
2213
2215
2216
2218
2220
2221
2222
2223
2224
2225
2226
2227
2232
2233
2234
2237
2239
2245
2246
2248
2250
2252
2259
2261
2263
2267
2268
2271
2272
2273
2277
2280
2282
2284
2285
2286
2287
2288
2289
2290
2291
2297
2301
2303
2304
2305
2307
2309
2310
2317
2318
2321
2324
2325
2330
2331
2332
2334
2339
2340
2341
2342
2343
2347
2349
2355
2356
2357
2359
2362
2363
2368
2371
2376
2378
2379
2380
2383
2387
2389
2391
2392
2395
2398
2399
2401
2406
2410
2411
2412
2413
2417
2419
2421
2422
2424
2425
2430
2431
2434
2436
2443
2444
2449
2451
2456
2457
2459
2461
2466
2467
2469
2472
2473
2475
2477
2480
2481
2484
2485
2487
2488
2491
2492
2498
2499
2502
2505
2507
2508
2511
2512
2515
2517
2518
2523
2526
2528
2531
2532
2534
2535
2537
2539
2541
2543
2545
2547
2548
2549
2551
2553
2557
2559
2560
2561
2564
2567
2570
2571
2575
2576
2578
2585
2588
2589
2592
2593
2595
2597
2601
2603
2605
2607
2608
2611
2614
2615
2616
2620
2623
2630
2633
2634
2635
2637
2638
2640
2642
2644
2647
2648
2649
2653
2655
2657
2661
2664
2666
2667
2669
2671
2677
2681
2684
2685
2686
2687
2690
2694
2698
2699
2702
2704
2705
2707
2709
2711
2712
2714
2716
2718
2720
2727
2728
2730
2732
2737
2739
2741
2744
2745
2751
2754
2755
2759
2761
2765
2766
2767
2769
2770
2771
2773
2774
2777
2778
2780
2782
2783
2784
2788
2791
2794
2798
2799
2801
2818
2819
2820
2822
2824
2825
2828
2829
2832
2833
2835
2844
2846
2850
2851
2858
2862
2863
2867
2880
2881
2882
2898
2899
2900
2902
2904
2905
2913
2914
2918
2925
2930
2931
2932
2934
2945
2948
2955
2961
2964
2967
