3
4
5
6
7
9
10
12
16
18
25
26
30
32
34
36
38
41
45
46
48
55
56
57
59
64
65
67
72
74
75
86
90
98
99
100
105
106
108
110
111
112
115
116
117
119
122
123
125
126
133
138
141
142
155
158
160
161
162
164
167
169
170
171
172
174
178
179
181
183
185
186
191
195
196
198
200
201
203
204
206
208
210
211
212
213
214
220
222
224
226
227
231
232
234
235
237
238
239
240
242
243
244
250
254
256
257
261
268
269
270
272
275
278
279
280
282
286
287
288
289
290
292
294
295
297
298
299
301
303
305
307
308
309
310
311
312
313
314
315
316
318
322
326
332
333
334
335
342
343
344
345
348
352
355
367
368
369
370
371
372
373
375
376
380
381
382
383
385
386
390
392
393
395
396
400
401
409
413
416
419
420
422
423
424
425
428
429
433
434
437
439
440
441
446
447
449
452
456
457
458
461
463
464
465
466
468
470
472
474
476
482
485
488
489
492
496
498
499
501
502
505
506
508
510
512
513
514
516
523
525
526
531
532
535
536
538
544
545
549
557
558
560
562
570
572
574
576
580
581
582
584
585
587
589
590
602
603
604
605
608
609
611
616
618
619
620
622
624
626
627
630
631
632
635
639
644
649
651
655
656
662
666
668
669
671
673
681
684
685
690
696
698
699
700
701
704
707
710
713
714
715
716
718
719
720
721
723
728
731
732
735
736
737
745
749
752
755
758
760
762
770
774
775
780
781
782
785
788
789
795
796
800
803
804
805
806
809
810
816
819
820
824
825
826
828
829
831
834
838
841
844
845
846
848
850
853
855
856
857
858
860
862
864
865
868
869
870
872
874
877
878
881
882
884
885
887
888
890
891
893
895
898
900
903
904
906
907
909
910
913
918
919
923
924
926
927
928
929
930
931
933
935
938
939
942
943
945
948
952
954
957
966
969
970
974
975
976
980
984
987
988
989
990
991
992
994
995
996
1001
1004
1006
1008
1009
1010
1012
1013
1016
1022
1026
1028
1031
1038
1039
1043
1044
1048
1053
1055
1056
1057
1061
1062
1069
1070
1073
1076
1079
1080
1081
1089
1092
1095
1097
1099
1101
1103
1105
1107
1108
1109
1112
1114
1115
1119
1121
1124
1125
1126
1127
1128
1129
1130
1134
1135
1137
1138
1139
1140
1141
1142
1145
1147
1150
1153
1159
1160
1162
1163
1164
1166
1169
1177
1178
1179
1184
1187
1188
1191
1192
1195
1196
1198
1203
1205
1206
1208
1209
1210
1211
1212
1214
1215
1216
1218
1221
1225
1227
1228
1229
1230
1231
1233
1235
1236
1238
1239
1242
1245
1246
1250
1251
1253
1255
1256
1257
1260
1262
1265
1266
1267
1271
1272
1273
1274
1275
1279
1281
1282
1283
1285
1286
1291
1293
1296
1298
1302
1303
1304
1305
1306
1307
1308
1310
1311
1312
1313
1315
1316
1317
1318
1320
1322
1323
1324
1325
1326
1328
1330
1332
1338
1339
1340
1341
1347
1349
1354
1358
1359
1360
1361
1362
1364
1367
1369
1370
1372
1373
1375
1377
1380
1382
1383
1384
1386
1387
1389
1390
1397
1398
1399
1400
1401
1402
1403
1404
1405
1407
1409
1412
1414
1416
1417
1418
1420
1422
1423
1425
1428
1429
1434
1436
1439
1446
1450
1452
1455
1457
1459
1465
1466
1468
1472
1474
1475
1477
1482
1483
1484
1486
1488
1492
1494
1495
1498
1501
1503
1505
1506
1508
1509
1510
1513
1515
1519
1525
1527
1528
1530
1532
1533
1535
1536
1541
1543
1545
1548
1550
1558
1559
1560
1561
1562
1565
1570
1575
1576
1577
1580
1581
1583
1584
1586
1588
1590
1591
1596
1599
1603
1605
1606
1607
1608
1611
1612
1615
1617
1621
1623
1624
1627
1629
1632
1634
1635
1640
1641
1642
1643
1647
1656
1658
1659
1660
1661
1663
1665
1666
1667
1668
1669
1674
1675
1676
1677
1679
1682
1686
1689
1692
1694
1696
1697
1698
1699
1702
1704
1705
1707
1708
1710
1712
1713
1714
1716
1723
1726
1730
1731
1734
1735
1736
1737
1738
1740
1742
1744
1747
1749
1750
1751
1754
1755
1757
1759
1763
1764
1766
1767
1769
1771
1777
1778
1779
1785
1788
1789
1791
1793
1797
1804
1805
1806
1808
1809
1812
1817
1819
1820
1822
1824
1832
1835
1836
1837
1840
1847
1849
1850
1854
1856
1860
1862
1863
1865
1867
1868
1872
1876
1877
1878
1882
1883
1884
1886
1887
1888
1892
1893
1894
1895
1898
1903
1908
1910
1912
1914
1916
1917
1918
1921
1926
1928
1931
1932
1935
1938
1940
1946
1948
1950
1955
1956
1959
1960
1964
1965
1974
1975
1976
1977
1981
1984
1986
1990
1991
1992
1996
1999
2003
2006
2011
2013
2014
2022
2023
2026
2039
2040
2041
2045
2048
2049
2050
2054
2055
2057
2060
2061
2064
2068
2069
2071
2072
2074
2075
2076
2077
2078
2079
2080
2081
2082
2084
2085
2086
2089
2091
2092
2093
2094
2095
2096
2097
2099
2103
2104
2106
2107
2108
2109
2114
2115
2116
2117
2118
2123
2124
2128
2129
2131
2132
2133
2135
2138
2140
2143
2148
2149
2153
2155
2158
2159
2160
2161
2162
2163
2164
2166
2171
2172
2179
2182
2184
2191
2203
2204
2205
2206
2207
2209
2210
2211
2212
2217
2219
2229
2230
2231
2235
2236
2238
2240
2241
2242
2243
2247
2249
2251
2253
2254
2255
2256
2257
2258
2260
2265
2269
2275
2276
2279
2281
2292
2293
2294
2296
2300
2306
2311
2312
2314
2316
2319
2322
2323
2326
2327
2328
2336
2337
2344
2345
2346
2348
2350
2351
2352
2353
2354
2358
2360
2361
2364
2369
2370
2372
2373
2375
2377
2381
2382
2384
2386
2388
2390
2393
2394
2397
2400
2402
2403
2404
2405
2408
2409
2414
2415
2416
2418
2420
2423
2426
2427
2429
2432
2433
2435
2437
2440
2441
2442
2445
2446
2450
2452
2453
2454
2455
2458
2460
2462
2463
2465
2468
2470
2471
2474
2476
2478
2479
2482
2483
2486
2489
2490
2493
2495
2497
2500
2501
2504
2506
2509
2510
2513
2514
2516
2519
2520
2521
2524
2525
2527
2529
2533
2536
2538
2542
2544
2546
2550
2552
2554
2555
2556
2558
2562
2563
2566
2568
2569
2572
2573
2574
2577
2581
2582
2583
2584
2586
2587
2590
2591
2594
2596
2598
2599
2600
2602
2604
2606
2609
2612
2613
2617
2621
2622
2624
2625
2626
2627
2628
2629
2631
2632
2636
2639
2641
2643
2645
2646
2650
2651
2652
2654
2656
2658
2659
2660
2662
2663
2665
2668
2670
2672
2673
2674
2675
2676
2678
2680
2682
2683
2688
2689
2691
2697
2700
2701
2706
2708
2710
2713
2715
2717
2719
2722
2723
2724
2725
2726
2729
2731
2733
2734
2735
2736
2738
2740
2742
2743
2746
2747
2748
2749
2750
2752
2753
2756
2757
2758
2760
2762
2763
2764
2768
2772
2775
2776
2779
2781
2785
2786
2790
2792
2793
2795
2796
2797
2800
2802
2803
2806
2808
2809
2810
2812
2814
2816
2817
2821
2827
2830
2831
2836
2839
2841
2842
2843
2845
2847
2848
2849
2852
2853
2855
2857
2860
2861
2864
2865
2866
2868
2869
2870
2871
2872
2874
2875
2877
2883
2884
2890
2894
2895
2896
2901
2903
2908
2915
2916
2917
2919
2920
2921
2922
2923
2926
2927
2928
2929
2933
2935
2938
2940
2941
2942
2943
2944
2946
2947
2949
2950
2951
2952
2953
2954
2956
2957
2958
2959
2960
2962
2963
2965
