507
264
1533
1418
1241
2693
2017
731
1822
2016
1975
14
1420
2766
712
1142
2695
2765
2764
395
2608
1586
469
1846
2606
466
2647
73
438
1604
1622
349
1914
604
2175
1797
267
927
2152
68
2383
585
2240
1046
2233
2125
470
87
868
2254
2165
21
1721
624
1106
518
862
2441
1837
845
1399
484
2723
2454
1861
1815
2889
2022
2104
247
2830
2841
1308
2901
2724
2823
1249
225
2825
2782
1708
1114
2540
1402
86
1763
2892
1899
1734
2862
1751
1793
986
2784
1679
1257
1668
1256
343
1737
383
1360
449
1558
1738
