1.0,0.0,0.0
1.0,0.0,0.0
1.0,0.0,0.0
1.0,0.0,0.0
1.0,0.0,0.0
1.0,0.0,0.0
1.0,0.0,0.0
1.0,0.0,0.0
1.0,0.0,0.0
1.0,0.0,0.0
1.0,0.0,0.0
1.0,0.0,0.0
1.0,0.0,0.0
1.0,0.0,0.0
1.0,0.0,0.0
1.0,0.0,0.0
1.0,0.0,0.0
1.0,0.0,0.0
1.0,0.0,0.0
1.0,0.0,0.0
1.0,0.0,0.0
1.0,0.0,0.0
1.0,0.0,0.0
1.0,0.0,0.0
1.0,0.0,0.0
1.0,0.0,0.0
1.0,0.0,0.0
1.0,0.0,0.0
1.0,0.0,0.0
1.0,0.0,0.0
1.0,0.0,0.0
1.0,0.0,0.0
1.0,0.0,0.0
1.0,0.0,0.0
1.0,0.0,0.0
1.0,0.0,0.0
1.0,0.0,0.0
1.0,0.0,0.0
1.0,0.0,0.0
1.0,0.0,0.0
1.0,0.0,0.0
1.0,0.0,0.0
1.0,0.0,0.0
1.0,0.0,0.0
1.0,0.0,0.0
1.0,0.0,0.0
1.0,0.0,0.0
1.0,0.0,0.0
1.0,0.0,0.0
1.0,0.0,0.0
1.0,0.0,0.0
1.0,0.0,0.0
1.0,0.0,0.0
1.0,0.0,0.0
1.0,0.0,0.0
1.0,0.0,0.0
1.0,0.0,0.0
1.0,0.0,0.0
1.0,0.0,0.0
1.0,0.0,0.0
1.0,0.0,0.0
1.0,0.0,0.0
1.0,0.0,0.0
1.0,0.0,0.0
1.0,0.0,0.0
1.0,0.0,0.0
1.0,0.0,0.0
1.0,0.0,0.0
1.0,0.0,0.0
1.0,0.0,0.0
1.0,0.0,0.0
1.0,0.0,0.0
1.0,0.0,0.0
1.0,0.0,0.0
1.0,0.0,0.0
1.0,0.0,0.0
1.0,0.0,0.0
1.0,0.0,0.0
1.0,0.0,0.0
1.0,0.0,0.0
1.0,0.0,0.0
1.0,0.0,0.0
1.0,0.0,0.0
1.0,0.0,0.0
1.0,0.0,0.0
1.0,0.0,0.0
1.0,0.0,0.0
1.0,0.0,0.0
1.0,0.0,0.0
1.0,0.0,0.0
1.0,0.0,0.0
1.0,0.0,0.0
1.0,0.0,0.0
1.0,0.0,0.0
1.0,0.0,0.0
1.0,0.0,0.0
1.0,0.0,0.0
1.0,0.0,0.0
1.0,0.0,0.0
1.0,0.0,0.0
1.0,0.0,0.0
1.0,0.0,0.0
1.0,0.0,0.0
1.0,0.0,0.0
1.0,0.0,0.0
1.0,0.0,0.0
1.0,0.0,0.0
1.0,0.0,0.0
1.0,0.0,0.0
1.0,0.0,0.0
1.0,0.0,0.0
1.0,0.0,0.0
1.0,0.0,0.0
1.0,0.0,0.0
1.0,0.0,0.0
1.0,0.0,0.0
1.0,0.0,0.0
1.0,0.0,0.0
1.0,0.0,0.0
1.0,0.0,0.0
1.0,0.0,0.0
1.0,0.0,0.0
1.0,0.0,0.0
1.0,0.0,0.0
1.0,0.0,0.0
1.0,0.0,0.0
1.0,0.0,0.0
1.0,0.0,0.0
1.0,0.0,0.0
1.0,0.0,0.0
1.0,0.0,0.0
1.0,0.0,0.0
1.0,0.0,0.0
1.0,0.0,0.0
1.0,0.0,0.0
1.0,0.0,0.0
1.0,0.0,0.0
1.0,0.0,0.0
1.0,0.0,0.0
1.0,0.0,0.0
1.0,0.0,0.0
1.0,0.0,0.0
1.0,0.0,0.0
1.0,0.0,0.0
1.0,0.0,0.0
1.0,0.0,0.0
1.0,0.0,0.0
1.0,0.0,0.0
1.0,0.0,0.0
1.0,0.0,0.0
1.0,0.0,0.0
1.0,0.0,0.0
1.0,0.0,0.0
1.0,0.0,0.0
1.0,0.0,0.0
1.0,0.0,0.0
1.0,0.0,0.0
1.0,0.0,0.0
1.0,0.0,0.0
1.0,0.0,0.0
1.0,0.0,0.0
1.0,0.0,0.0
1.0,0.0,0.0
1.0,0.0,0.0
1.0,0.0,0.0
1.0,0.0,0.0
1.0,0.0,0.0
1.0,0.0,0.0
1.0,0.0,0.0
1.0,0.0,0.0
1.0,0.0,0.0
1.0,0.0,0.0
1.0,0.0,0.0
1.0,0.0,0.0
1.0,0.0,0.0
1.0,0.0,0.0
1.0,0.0,0.0
1.0,0.0,0.0
1.0,0.0,0.0
1.0,0.0,0.0
1.0,0.0,0.0
1.0,0.0,0.0
1.0,0.0,0.0
1.0,0.0,0.0
1.0,0.0,0.0
1.0,0.0,0.0
1.0,0.0,0.0
1.0,0.0,0.0
1.0,0.0,0.0
1.0,0.0,0.0
1.0,0.0,0.0
1.0,0.0,0.0
1.0,0.0,0.0
1.0,0.0,0.0
1.0,0.0,0.0
1.0,0.0,0.0
1.0,0.0,0.0
1.0,0.0,0.0
1.0,0.0,0.0
1.0,0.0,0.0
1.0,0.0,0.0
1.0,0.0,0.0
1.0,0.0,0.0
1.0,0.0,0.0
1.0,0.0,0.0
1.0,0.0,0.0
1.0,0.0,0.0
1.0,0.0,0.0
1.0,0.0,0.0
1.0,0.0,0.0
1.0,0.0,0.0
1.0,0.0,0.0
1.0,0.0,0.0
1.0,0.0,0.0
1.0,0.0,0.0
1.0,0.0,0.0
1.0,0.0,0.0
1.0,0.0,0.0
1.0,0.0,0.0
1.0,0.0,0.0
1.0,0.0,0.0
1.0,0.0,0.0
1.0,0.0,0.0
1.0,0.0,0.0
1.0,0.0,0.0
1.0,0.0,0.0
1.0,0.0,0.0
1.0,0.0,0.0
1.0,0.0,0.0
1.0,0.0,0.0
1.0,0.0,0.0
1.0,0.0,0.0
1.0,0.0,0.0
1.0,0.0,0.0
1.0,0.0,0.0
1.0,0.0,0.0
1.0,0.0,0.0
1.0,0.0,0.0
1.0,0.0,0.0
1.0,0.0,0.0
1.0,0.0,0.0
1.0,0.0,0.0
1.0,0.0,0.0
1.0,0.0,0.0
1.0,0.0,0.0
1.0,0.0,0.0
1.0,0.0,0.0
1.0,0.0,0.0
1.0,0.0,0.0
0.9794593868491632,0.10622558909306722,0.10622558909306722
0.9895171516806887,0.11889663631592845,0.11889663631592845
0.9965474650794303,0.05081376180793681,0.05081376180793681
0.96895408277742,0.1448863697414046,0.1448863697414046
0.9814822128447486,-0.11469184606286686,-0.11469184606286686
0.976072117746002,0.149731152964511,0.149731152964511
0.9656172717690247,-0.14956975813160248,-0.14956975813160248
0.9729313794847327,0.14621204205829863,0.14621204205829863
0.8629229118406375,0.3712781099105792,0.3712781099105792
0.9801801863980834,0.12360195638124483,0.12360195638124483
0.9998070181633804,-0.010554385024160567,-0.010554385024160567
0.9996983155348832,-0.017995879693874738,-0.017995879693874738
0.9954602893097402,0.08644696522073428,0.08644696522073428
0.9649498396431622,-0.1491439069738095,-0.1491439069738095
0.9891821882729463,0.10333862891800705,0.10333862891800705
0.9901385937361964,-0.10609922335736555,-0.10609922335736555
0.9971635672673463,0.039407994723818104,0.039407994723818104
0.9865584511870755,-0.10346147541519311,-0.10346147541519311
0.9999421595428784,-0.010233106526929752,-0.010233106526929752
0.99377259578386,0.035409623177959496,0.035409623177959496
0.9992855507482341,0.03407250921512159,0.03407250921512159
0.9999983851272273,0.00037860685407689723,0.00037860685407689723
0.94292088952916,-0.21792324432338392,-0.21792324432338392
0.9883751902116319,0.08537595273988009,0.08537595273988009
0.8866553680127178,0.3192259082923978,0.3192259082923978
0.9709632380246274,0.13205765875290415,0.13205765875290415
0.9853706092245059,-0.09197265652875765,-0.09197265652875765
0.9477291834084041,-0.23737712981309092,-0.23737712981309092
0.9994895704142635,-0.025305416320358928,-0.025305416320358928
0.9629459834644334,0.1336718514818483,0.1336718514818483
0.9969433609149705,-0.019421968587399866,-0.019421968587399866
0.9989059450206704,0.00018983818648872014,0.00018983818648872014
0.9924649328641796,-0.06957752967194847,-0.06957752967194847
0.9927941852429775,0.08274806084519608,0.08274806084519608
0.9934623728131675,0.021218313073917066,0.021218313073917066
0.9707709772680285,-0.13836797729775552,-0.13836797729775552
0.9967945408237887,0.051527162064016134,0.051527162064016134
0.9950986789970199,-0.004911506289275954,-0.004911506289275954
0.9292324052596029,-0.24690120237755228,-0.24690120237755228
0.9691050003099306,0.1549546582226685,0.1549546582226685
0.9863949673914812,0.12559433693776523,0.12559433693776523
0.9965950948072108,0.06236915666132889,0.06236915666132889
0.9516203099028737,-0.2276186709746165,-0.2276186709746165
0.995470971756809,-0.08124973240251904,-0.08124973240251904
0.9879408810363814,0.1130647971791486,0.1130647971791486
0.9492713184507935,-0.2243398854461764,-0.2243398854461764
0.9553936153599213,-0.16786566172561493,-0.16786566172561493
0.9940718805970289,-0.06993058911281226,-0.06993058911281226
0.9913201243472473,-0.11168020918264931,-0.11168020918264931
0.928025605673396,-0.2578614294653766,-0.2578614294653766
0.9737416556598198,-0.1489417731950006,-0.1489417731950006
0.9994018999942815,-0.018040840320904045,-0.018040840320904045
0.9684048602628793,-0.19868817113546364,-0.19868817113546364
0.9999707573572796,0.00660685463795126,0.00660685463795126
0.9299681835747408,0.29124776901772,0.29124776901772
0.9617401920384183,-0.14182342745748389,-0.14182342745748389
0.9631554138696512,-0.20767521801962444,-0.20767521801962444
0.9701930920920397,-0.2202390351203958,-0.2202390351203958
0.9987187448594261,0.0362066133373062,0.0362066133373062
0.9997593694123268,0.011506407369366561,0.011506407369366561
0.9994787960951528,-0.0047691974324672514,-0.0047691974324672514
0.9979345614438117,-0.04164297165351267,-0.04164297165351267
0.9761233825625655,-0.16997405681077019,-0.16997405681077019
0.9777351304854381,-0.14900637693111424,-0.14900637693111424
0.9376489511987176,-0.24450675347551148,-0.24450675347551148
0.9894079096213767,0.10492813033665188,0.10492813033665188
0.9969894851501135,0.06070685933117677,0.06070685933117677
0.9930040705047475,0.04124189592755592,0.04124189592755592
0.9724484355924831,0.10348032482832953,0.10348032482832953
0.9958723107778045,0.056975364174285316,0.056975364174285316
0.9778448332151307,-0.12880365656814696,-0.12880365656814696
0.9697728020879668,-0.17438566792387747,-0.17438566792387747
0.9714654813870036,-0.14156552557428392,-0.14156552557428392
0.9738751219432262,0.17972010268898736,0.17972010268898736
0.8408715207549504,0.39594501813971605,0.39594501813971605
0.8966860153867238,-0.2889634493086226,-0.2889634493086226
0.9920701117495665,-0.09255432761450037,-0.09255432761450037
0.9834907679460714,0.14532099643714022,0.14532099643714022
0.9635596484797355,0.17658690445381847,0.17658690445381847
0.9863022432220313,0.13719670590563066,0.13719670590563066
0.974436389416468,0.14426552918746446,0.14426552918746446
0.9970340725673573,0.030899639427998414,0.030899639427998414
0.9574868839611719,0.19266641174277693,0.19266641174277693
0.9985762170788159,0.0531189840504816,0.0531189840504816
0.997607233499911,-0.05163428417465353,-0.05163428417465353
0.9988047825682949,0.02244317868960733,0.02244317868960733
0.9955951318666144,-0.08826926562421238,-0.08826926562421238
0.9968411551382975,0.052384778302541055,0.052384778302541055
0.9775162068275165,0.14882941028813654,0.14882941028813654
0.9976343820504624,0.04559849294491137,0.04559849294491137
0.9717269573647856,-0.16286161569084626,-0.16286161569084626
0.9875586797071937,0.13032527902186714,0.13032527902186714
0.7756982022316169,0.3705085046399316,0.3705085046399316
0.9934380506670141,0.08456450658039608,0.08456450658039608
0.9997909096957808,-0.0157605069125135,-0.0157605069125135
0.9763936514749828,-0.1194397990669706,-0.1194397990669706
0.9999067196375233,-0.007581622989844294,-0.007581622989844294
0.9998622796704505,0.013074767767906373,0.013074767767906373
0.9927336493274391,0.06219302724478404,0.06219302724478404
0.9954337225174972,-0.08077545508487989,-0.08077545508487989
0.9493512266197519,-0.22888911488999336,-0.22888911488999336
0.9788476496626759,0.15449152104157085,0.15449152104157085
0.9964357025678675,-0.022659101953569346,-0.022659101953569346
0.9402704723214267,0.2478661702374236,0.2478661702374236
0.9537128446851948,-0.2051215219283085,-0.2051215219283085
0.9948699872442125,0.04611644888917211,0.04611644888917211
0.9971360767845483,0.04822873165907522,0.04822873165907522
0.986552143643508,-0.0960971147840811,-0.0960971147840811
0.9935003462154555,-0.06972182337104794,-0.06972182337104794
0.9994333350726036,0.02526881867586383,0.02526881867586383
0.9828712810000472,-0.110752961647308,-0.110752961647308
0.9830771323196722,0.17755140773926464,0.17755140773926464
0.8584362856387397,0.3661283388627993,0.3661283388627993
0.9952339452679724,0.025343961828079027,0.025343961828079027
0.9848363821694174,0.12262951554444403,0.12262951554444403
0.99982892544112,0.01687777460159247,0.01687777460159247
0.9940675876879747,0.015846278288068505,0.015846278288068505
0.9831116793226051,-0.09421399661048191,-0.09421399661048191
0.9991328674160799,-0.03668676005271444,-0.03668676005271444
0.9655493608928422,-0.25849954504544,-0.25849954504544
0.9900184280611818,0.08275324026545491,0.08275324026545491
0.9121026762749735,-0.269718168108507,-0.269718168108507
0.9858104317183461,-0.09371562445530435,-0.09371562445530435
0.9825475993192396,0.11662492953490373,0.11662492953490373
0.9865447026387817,0.11757294331647508,0.11757294331647508
0.9973979716875706,-0.07051683729310687,-0.07051683729310687
0.9789158860865196,-0.17557983740526453,-0.17557983740526453
0.9938717014294606,0.08764442811196455,0.08764442811196455
0.9900791294495528,-0.09719310931018714,-0.09719310931018714
0.9594231534274912,0.1969379497767535,0.1969379497767535
0.9927850180398452,-0.08685292048106555,-0.08685292048106555
0.9549395471896531,-0.16322184378190063,-0.16322184378190063
0.9711842594255459,0.1450406065225167,0.1450406065225167
0.9851526588986925,0.12318489356548902,0.12318489356548902
0.9472175072401116,-0.23646707709373946,-0.23646707709373946
0.9977006425519453,-0.04439371512440579,-0.04439371512440579
0.9730957178460843,-0.14505265837250197,-0.14505265837250197
0.9999037696320495,0.013635187686528969,0.013635187686528969
0.946304861670129,-0.2159586827847022,-0.2159586827847022
0.9941324488198818,0.05899832604146712,0.05899832604146712
0.9892581434219055,-0.1230443450400318,-0.1230443450400318
0.9958370688312428,0.0758636693541202,0.0758636693541202
0.9983629666808039,0.0285572245479454,0.0285572245479454
0.9792178194754342,-0.13899505618680696,-0.13899505618680696
0.9683056449207346,0.17841867539890557,0.17841867539890557
0.9387952413537562,-0.2734084893715909,-0.2734084893715909
0.978970205017448,-0.1342045013197428,-0.1342045013197428
0.9991583441916556,-0.04099381217120506,-0.04099381217120506
0.9967416701324536,-0.07216497676919095,-0.07216497676919095
0.9893399833601438,-0.10509946964413466,-0.10509946964413466
0.9808954653320132,-0.13160753074095122,-0.13160753074095122
0.9999454621542753,0.009736359947966193,0.009736359947966193
0.950327553870721,-0.19895689034698238,-0.19895689034698238
0.9947028470588763,0.08475677823504606,0.08475677823504606
0.9895386624146849,0.10705926776609018,0.10705926776609018
0.9973532045468428,-0.04622537467619705,-0.04622537467619705
0.993909535649271,-0.1099864573901914,-0.1099864573901914
0.9248257374888665,0.28321544198267246,0.28321544198267246
0.9524259838130064,-0.20449706276923688,-0.20449706276923688
0.9490047528750643,0.16416884450331645,0.16416884450331645
0.998816098340774,0.048574178862729,0.048574178862729
0.9999686601025627,0.0049021261995208084,0.0049021261995208084
0.9899655201751323,-0.10263111268133983,-0.10263111268133983
0.9926791805618723,0.041135608355145285,0.041135608355145285
0.9957788218857421,-0.03719354944731447,-0.03719354944731447
0.9998916026969303,0.014174140383435818,0.014174140383435818
0.988054957874462,-0.08413434204317871,-0.08413434204317871
0.9920521020463673,-0.06469168082875541,-0.06469168082875541
0.9943312400151267,0.0487891962718384,0.0487891962718384
0.9974418164508589,0.04458998391668059,0.04458998391668059
0.9944709059067134,0.06732618925824999,0.06732618925824999
0.9813114385532147,0.18932488754006455,0.18932488754006455
0.999974630023804,-0.0019540128784457265,-0.0019540128784457265
0.9950454762066182,-0.09208045916072383,-0.09208045916072383
0.9860130735244312,-0.14441401610244922,-0.14441401610244922
0.9940874147189428,0.06403588484978193,0.06403588484978193
0.9888983320791076,-0.07177214292764979,-0.07177214292764979
0.9996582671087632,0.012352382468366946,0.012352382468366946
0.9969690983487547,0.009957650063675877,0.009957650063675877
0.9670650193662931,-0.16450256396883017,-0.16450256396883017
0.9883204456827884,-0.13716893848525488,-0.13716893848525488
0.9983262720093112,0.05155382441662496,0.05155382441662496
0.9821346572683702,0.09157385319456787,0.09157385319456787
0.9992845046217144,0.03515857301092701,0.03515857301092701
0.968249646086929,-0.17216383193636015,-0.17216383193636015
0.9986011795423484,-0.03147644464775055,-0.03147644464775055
0.9315830945428372,0.24253397479515568,0.24253397479515568
0.9534012586871862,-0.19782608787656059,-0.19782608787656059
0.9993090285481917,0.017697677674039288,0.017697677674039288
0.9958314353648071,0.0683209858524432,0.0683209858524432
0.9983260138277549,0.0186605399095915,0.0186605399095915
0.9986500856128662,-0.035630537072843776,-0.035630537072843776
0.9839361704728022,0.08043710214942777,0.08043710214942777
0.9849083243179908,0.13558914107695685,0.13558914107695685
0.99815409498425,-0.03823604031154798,-0.03823604031154798
0.995152649901109,0.0864400533786215,0.0864400533786215
0.9604733924689816,-0.16983683297130703,-0.16983683297130703
0.9791375918555325,-0.12664397573872851,-0.12664397573872851
0.9810567025323015,0.14390681396882643,0.14390681396882643
0.9753747387285809,0.1598272757744446,0.1598272757744446
0.9989965766622787,0.03383972679902418,0.03383972679902418
0.9884329951269396,-0.09578079732281902,-0.09578079732281902
0.9938497157918609,-0.058219939268395825,-0.058219939268395825
0.9994631114580097,0.0284004070846802,0.0284004070846802
0.9883190671272936,0.10416352155498271,0.10416352155498271
0.9940596880767669,0.07776747825047238,0.07776747825047238
0.9398506722202126,-0.22463797739650695,-0.22463797739650695
0.9979053570772308,-0.016713214070854913,-0.016713214070854913
0.9684481238967422,-0.08527977747218592,-0.08527977747218592
0.9915874926399139,-0.07957460897016835,-0.07957460897016835
0.9995724511992663,-0.029138644297103798,-0.029138644297103798
0.9816917108057923,-0.14964635932072054,-0.14964635932072054
0.955348756965486,-0.21664425544063998,-0.21664425544063998
0.9998289006803588,0.012917453841673506,0.012917453841673506
0.9878063048454893,0.11147240110019979,0.11147240110019979
0.9957620593094146,-0.0073315459078508675,-0.0073315459078508675
0.8399086015557685,-0.2758561254512424,-0.2758561254512424
0.9982570008865446,-0.025521100485523033,-0.025521100485523033
0.9816120155523747,0.11459457249573951,0.11459457249573951
0.9973874550855291,-0.03174405955498475,-0.03174405955498475
0.9975071234197638,-0.05316407198085051,-0.05316407198085051
0.9947829895099674,0.06854232369907792,0.06854232369907792
0.8863018479906892,0.34485358059653165,0.34485358059653165
0.9989944949805144,-0.03224438674890678,-0.03224438674890678
0.9928582601174963,-0.08667579012753247,-0.08667579012753247
0.8357996507023048,-0.3862273759550998,-0.3862273759550998
0.9948318712820159,-0.05890870866434966,-0.05890870866434966
0.9773687152125858,-0.1117320996696342,-0.1117320996696342
0.9846458591801533,0.15988860651968667,0.15988860651968667
0.9992239415007004,-0.03925266222883908,-0.03925266222883908
0.9373980153589013,-0.21401570793422092,-0.21401570793422092
0.9995437141519048,-0.028323456488186304,-0.028323456488186304
0.9948639580188915,0.09551320363282595,0.09551320363282595
0.9981476348607934,-0.03002593886216492,-0.03002593886216492
0.9986654029818545,-0.03655689135672379,-0.03655689135672379
0.9994135241553341,0.020481398471450557,0.020481398471450557
0.9998890028605997,0.008273267611674393,0.008273267611674393
0.9998274814244731,0.0185672436315216,0.0185672436315216
0.9930396782159988,-0.061216472648644736,-0.061216472648644736
0.9854050246007287,-0.11361937094632016,-0.11361937094632016
0.9963890262110839,-0.08184093462746644,-0.08184093462746644
0.9987786399870097,-0.03146268993858891,-0.03146268993858891
0.9060854761986216,-0.27910945657943054,-0.27910945657943054
0.9807646419148944,-0.1224812696468951,-0.1224812696468951
0.990871761012809,-0.10738821490412116,-0.10738821490412116
0.9955261153224692,-0.0681295667042722,-0.0681295667042722
0.999380276388038,0.015162616356212738,0.015162616356212738
0.9893121640839794,-0.14081450143351312,-0.14081450143351312
0.9987186234734835,-0.04277333067338724,-0.04277333067338724
0.9949278602294224,-0.06538176892605649,-0.06538176892605649
0.9999534831876099,0.005797799820850503,0.005797799820850503
0.9761154904926739,-0.1495284827543677,-0.1495284827543677
0.9964767563093034,-0.06917665327338533,-0.06917665327338533
0.9801916179363711,-0.1959170639929354,-0.1959170639929354
0.9478350679577717,-0.22947976002471035,-0.22947976002471035
0.9875514742140775,-0.11935899947391057,-0.11935899947391057
0.9836770890803158,-0.02860224057494498,-0.02860224057494498
0.9274263405209973,-0.22761773937223537,-0.22761773937223537
0.9900872947514266,-0.08223480627806116,-0.08223480627806116
0.9916040980579494,0.06596820116352037,0.06596820116352037
0.9979755804850695,0.048724818681229895,0.048724818681229895
0.9673685178613537,-0.1363979071908584,-0.1363979071908584
0.9835501847950285,-0.12036310028530084,-0.12036310028530084
0.9931291362193916,0.0897385558716308,0.0897385558716308
0.9694778204931463,0.20854733271953937,0.20854733271953937
0.908296592668296,0.2983918425306849,0.2983918425306849
0.923478320461375,-0.16609413397804051,-0.16609413397804051
0.8975418179993728,-0.2923969561779421,-0.2923969561779421
0.9968775809762088,-0.07840959529610035,-0.07840959529610035
0.9993989979051471,0.0034013827245920813,0.0034013827245920813
0.9999218139204568,0.008139258456861684,0.008139258456861684
0.992231115746664,0.1016585809282744,0.1016585809282744
0.8379618061101417,-0.3661140277881351,-0.3661140277881351
0.9805225651338763,0.14649682121772614,0.14649682121772614
0.9952511581985102,-0.059428169420992764,-0.059428169420992764
0.9865339294168411,-0.12344791631901159,-0.12344791631901159
0.9991728545680354,-0.0017801527502458573,-0.0017801527502458573
0.9133417245683298,0.23906608679357372,0.23906608679357372
0.9999136314414636,-0.00011305926945101513,-0.00011305926945101513
0.9988614974657004,0.03398892001930218,0.03398892001930218
0.9997164489832896,0.022695191529183267,0.022695191529183267
0.9948580959937656,0.06946912113972838,0.06946912113972838
0.9975748179013396,-0.061094954256618546,-0.061094954256618546
0.9803064844199699,-0.08170275189840044,-0.08170275189840044
0.9999535913083879,0.0021567880376731543,0.0021567880376731543
0.9219682808056067,0.294109745944837,0.294109745944837
0.9529775438659881,0.21922663867636089,0.21922663867636089
0.8710122022383053,-0.3839337622459197,-0.3839337622459197
0.8260996483755483,0.22642684450803402,0.22642684450803402
0.9968550728719129,0.07211560547193022,0.07211560547193022
0.9931223041325238,0.05557814649377351,0.05557814649377351
0.999519185685517,0.0011412411465713602,0.0011412411465713602
0.9960549978077545,-0.06983360584283721,-0.06983360584283721
0.9862049038122643,0.07852678550239069,0.07852678550239069
0.9843014870194307,0.16547124989111045,0.16547124989111045
0.9985332886731518,0.045352515136058646,0.045352515136058646
0.9925313224260035,0.07816983392463306,0.07816983392463306
0.9650377750643176,-0.17552348628039133,-0.17552348628039133
0.9973954575775171,0.005918317467212105,0.005918317467212105
0.9924795866194964,-0.055525600129296186,-0.055525600129296186
0.9979961864273132,0.026759467058555374,0.026759467058555374
0.9967030142199531,0.0447132041315036,0.0447132041315036
0.991222162424316,-0.07546579440268678,-0.07546579440268678
0.9723605988477498,0.15823244534099493,0.15823244534099493
0.8406251332899253,0.39898209578039284,0.39898209578039284
0.9890740365762221,-0.0866435435515236,-0.0866435435515236
0.8260358763697261,-0.37975391787528157,-0.37975391787528157
0.9910295126816355,-0.07885345823721185,-0.07885345823721185
0.9962452512422767,-0.06579611340493938,-0.06579611340493938
0.9990087735484793,0.022378696467305892,0.022378696467305892
0.9832097147489491,-0.12789793694998167,-0.12789793694998167
0.9526771931825311,-0.16739145639069355,-0.16739145639069355
0.8450626474591971,0.402397158382329,0.402397158382329
0.9998785612833853,-0.014841072629036122,-0.014841072629036122
0.9991123780169635,0.03675548821049345,0.03675548821049345
0.9998564133449729,0.016790660771393087,0.016790660771393087
0.9916481667314191,0.09435535858751191,0.09435535858751191
0.9959868986175727,-0.06246997037298413,-0.06246997037298413
0.9790021476337266,0.14992212483518175,0.14992212483518175
0.9844714576482276,0.1720567648794205,0.1720567648794205
0.9835174044657563,0.10034688405262986,0.10034688405262986
0.9943250857264444,0.08601864843528662,0.08601864843528662
0.9470264401445548,0.29146375174001654,0.29146375174001654
0.9981776370687273,-0.008652823639762684,-0.008652823639762684
0.9980039755186099,0.0089622955672424,0.0089622955672424
0.9999705157035849,0.00476982003340453,0.00476982003340453
0.9941000875459463,-0.0755867296976525,-0.0755867296976525
0.9530161351559651,-0.18678881135710662,-0.18678881135710662
0.9994848272545094,0.026144058582320454,0.026144058582320454
0.99952025353348,0.0032313586976435624,0.0032313586976435624
0.9832942705537084,-0.1289369621861981,-0.1289369621861981
0.995609547956008,0.06669672328032825,0.06669672328032825
0.9910184965792257,0.09986118293165148,0.09986118293165148
0.9672831068874702,0.1578728219094448,0.1578728219094448
0.9979230836739879,-0.013010859082262368,-0.013010859082262368
0.9996808482477154,-0.021253114439250917,-0.021253114439250917
0.995163592666315,0.06737249350840116,0.06737249350840116
0.9998565711605237,0.008049027428865912,0.008049027428865912
0.9981189569099291,-0.040204231391410356,-0.040204231391410356
0.9971545444065176,0.07398013489638527,0.07398013489638527
0.9886751533848902,-0.08856827700941007,-0.08856827700941007
0.9852338675178208,-0.15208491673951008,-0.15208491673951008
0.9995350876810151,0.02642516871276741,0.02642516871276741
0.8225640204330534,-0.4034635443436721,-0.4034635443436721
0.9988943955827371,-0.022336828155030377,-0.022336828155030377
0.9984401234422131,0.02182595109433931,0.02182595109433931
0.9987872166452135,0.013352174793001857,0.013352174793001857
0.9925369342091678,-0.07154313234552494,-0.07154313234552494
0.9979840858357576,-0.04068487335127336,-0.04068487335127336
0.996062330841023,0.05975587318944657,0.05975587318944657
0.9902811287513597,0.0933284819497057,0.0933284819497057
0.9946374112345383,-0.08652513778541551,-0.08652513778541551
0.9997606361689862,0.021092130664380704,0.021092130664380704
0.9813722861035321,0.16104504972828523,0.16104504972828523
0.9999465866478889,0.00549001776127634,0.00549001776127634
0.9995255046096553,-0.029798560813118137,-0.029798560813118137
0.986833436413714,-0.13742061583392276,-0.13742061583392276
0.9556760540690181,0.11856098116508557,0.11856098116508557
0.9975995175073192,0.06397456324620764,0.06397456324620764
0.9994965470810403,-0.020538868336353166,-0.020538868336353166
0.8480272547599343,0.2994077601091861,0.2994077601091861
0.9995229259126917,0.010661527071068122,0.010661527071068122
0.9988568463150698,0.028363908198350288,0.028363908198350288
0.9869444712946775,0.04981076067487566,0.04981076067487566
0.9768805633303613,0.14508524941313153,0.14508524941313153
0.8794032460558291,-0.31742825110250095,-0.31742825110250095
0.9956953202875751,0.07179422016507844,0.07179422016507844
0.9589148041186627,-0.11772300917176426,-0.11772300917176426
0.995241269220069,0.06030083015629172,0.06030083015629172
0.9911145710955672,-0.09650700347970019,-0.09650700347970019
0.9854524937552863,-0.1257486820347416,-0.1257486820347416
0.9942576040834493,0.06294319373091077,0.06294319373091077
0.9926613257459463,-0.08169843618947274,-0.08169843618947274
0.9971887461307706,0.022808085673791213,0.022808085673791213
0.9952652573594134,-0.05964738602080823,-0.05964738602080823
0.9945118148323961,-0.07733349066440398,-0.07733349066440398
0.9562277766440583,0.21607885476353442,0.21607885476353442
0.9986706308983098,0.014853125561208649,0.014853125561208649
0.968002764991839,0.181304040189412,0.181304040189412
0.9936331491151786,0.009474650379264345,0.009474650379264345
0.9811809017244303,0.14690831362166631,0.14690831362166631
0.9747406207665699,0.15490280576508417,0.15490280576508417
0.9932405739373484,0.08595889075946313,0.08595889075946313
0.9953023419622822,-0.08994556538409476,-0.08994556538409476
0.9944902812521008,-0.06564927258432172,-0.06564927258432172
0.9991886967974362,-0.026871324982340943,-0.026871324982340943
0.99907273002881,0.032212787868315274,0.032212787868315274
0.9955719299468184,0.0701172442675979,0.0701172442675979
0.9884562939538114,0.11210854264754769,0.11210854264754769
0.9995122646342417,0.02078721797042269,0.02078721797042269
0.985892488249266,-0.1212654186504323,-0.1212654186504323
0.9996298619101495,-0.008308885514633784,-0.008308885514633784
0.7436688507896552,0.30459383151059444,0.30459383151059444
0.986644470377671,0.1320781833381449,0.1320781833381449
0.9977095509360904,-0.06762817754811899,-0.06762817754811899
0.9984998478193652,0.025678042804888366,0.025678042804888366
0.9991799987915387,0.018583475115655695,0.018583475115655695
0.9713193732080224,-0.22019309921478936,-0.22019309921478936
0.9547438907118299,0.1111440835336514,0.1111440835336514
0.9995635782367852,-0.017749851320707485,-0.017749851320707485
0.9662994093352486,0.17460807138664824,0.17460807138664824
0.9978895478182715,0.043671937833463674,0.043671937833463674
0.9814000069322035,-0.07078022179725081,-0.07078022179725081
0.9970793407608292,-0.04259744888428615,-0.04259744888428615
0.9917896096098867,-0.0999308184506626,-0.0999308184506626
0.9997062834610092,0.01882722146564752,0.01882722146564752
0.999924538779341,0.010803265180234764,0.010803265180234764
0.998841506771648,0.03533353805261349,0.03533353805261349
0.9877925676179717,0.1251620815945806,0.1251620815945806
0.9862700867314055,0.029370822976719443,0.029370822976719443
0.997240604719451,0.05199659022218672,0.05199659022218672
0.9975632779094787,0.05810802146883288,0.05810802146883288
0.975397254696939,0.1401849036893184,0.1401849036893184
0.998205113594282,-0.05456778823344972,-0.05456778823344972
0.9977155950936453,0.007632783760882951,0.007632783760882951
0.999989278160185,-0.0025704307087688343,-0.0025704307087688343
0.9947356324769788,-0.06018520579793155,-0.06018520579793155
0.997532044967887,-0.043096659759071544,-0.043096659759071544
0.9499820669648548,-0.23131989962731597,-0.23131989962731597
0.9704519992017817,0.18080879984920217,0.18080879984920217
0.9952535561861621,0.08396930127236106,0.08396930127236106
0.9368348037971831,0.20806052119527904,0.20806052119527904
0.9120811987159667,-0.263377186688099,-0.263377186688099
0.999990441303908,-0.00037210756148793454,-0.00037210756148793454
0.9998014934592747,0.017187474184735076,0.017187474184735076
0.9740601572202401,-0.06546037900070543,-0.06546037900070543
0.9101046711864695,-0.22277261399076556,-0.22277261399076556
0.9923400219794799,0.086004247548469,0.086004247548469
0.9990915244820132,-0.040485121827284185,-0.040485121827284185
0.9779160536482756,-0.1175738956502943,-0.1175738956502943
0.9482701562122223,-0.2722541829973407,-0.2722541829973407
0.9668059888101024,-0.11343242284008155,-0.11343242284008155
0.9851064079057527,-0.1316351803120239,-0.1316351803120239
0.9896166043969805,-0.0906552093005225,-0.0906552093005225
0.9950664946156753,0.07257104303451226,0.07257104303451226
0.9971764633516909,-0.03185479640052301,-0.03185479640052301
0.8469401227922023,0.32589556004835385,0.32589556004835385
0.9982430189006706,0.03308651586936104,0.03308651586936104
0.9997556034076758,-0.0055654862641009405,-0.0055654862641009405
0.9977778531075178,-0.05691911381701131,-0.05691911381701131
0.9958009764691308,-0.07560647115039217,-0.07560647115039217
0.9654206145025501,-0.18908424227010154,-0.18908424227010154
0.9777171171686292,0.11498398659788997,0.11498398659788997
0.9809538074695879,0.1306364970681834,0.1306364970681834
0.9967866407322604,0.013939504021580168,0.013939504021580168
0.9986630040712077,0.03910352358598999,0.03910352358598999
0.9175788803070473,0.3187812875475748,0.3187812875475748
0.9895594871224621,0.09613780729450018,0.09613780729450018
0.9995052799091478,0.009511283147503508,0.009511283147503508
0.9975968977989669,0.050518047737951224,0.050518047737951224
0.9997257509492936,-0.001240285905926481,-0.001240285905926481
0.9948128170179216,0.07846613019715962,0.07846613019715962
0.9993396257510435,-0.018686185640682005,-0.018686185640682005
0.8709240930773418,-0.30067188373853104,-0.30067188373853104
0.9984688356238874,0.020241237363451226,0.020241237363451226
0.9812694334087358,0.1371390944808694,0.1371390944808694
0.9805892499856617,-0.1427939784823882,-0.1427939784823882
0.9983174095625837,0.03351579678729885,0.03351579678729885
0.9998261750058929,0.012800595295862445,0.012800595295862445
0.9942043061637331,-0.05238363298806358,-0.05238363298806358
0.9948783772319376,-0.06044069655887265,-0.06044069655887265
0.9867329414045185,-0.13780097623079202,-0.13780097623079202
0.9978136807312098,-0.05665894020769772,-0.05665894020769772
0.9924893571250641,-0.10245472054399785,-0.10245472054399785
0.9792782711393546,0.1395483405308746,0.1395483405308746
0.9922110177639752,0.09344984442693137,0.09344984442693137
0.9934366859419627,-0.09139416690425614,-0.09139416690425614
0.9994653632331373,-0.03256972238957703,-0.03256972238957703
0.9998577399291867,-0.002937715146926728,-0.002937715146926728
0.999989633538783,-0.004523449596169533,-0.004523449596169533
0.996280115459006,0.03812606066470617,0.03812606066470617
0.9991008421057449,-0.03714411054515295,-0.03714411054515295
0.9989718824713664,-0.0324357099739882,-0.0324357099739882
0.999870628784497,-0.006312095794657826,-0.006312095794657826
0.9978848054320091,-0.03334191080647801,-0.03334191080647801
0.9857871042954064,-0.07727909615262199,-0.07727909615262199
0.9946541521317508,0.09811344560005635,0.09811344560005635
0.9997707314897823,0.002197427688217324,0.002197427688217324
0.9958229266751761,0.08028473460682371,0.08028473460682371
0.9650020791765885,0.22958248433605527,0.22958248433605527
0.9958846960832484,0.025888041960467664,0.025888041960467664
0.9738885858943553,-0.16267583741234168,-0.16267583741234168
0.9947441098998205,-0.041218439484761865,-0.041218439484761865
0.9980497122842731,-0.044639048514788435,-0.044639048514788435
0.9947386098790689,-0.08031320606815227,-0.08031320606815227
0.997724781882724,0.04878816716241722,0.04878816716241722
0.9985808853147526,0.015374878351085997,0.015374878351085997
0.9786485745528903,0.1415888150652923,0.1415888150652923
0.9961268253071882,-0.08772280916426542,-0.08772280916426542
0.950444384228733,-0.17484176566729573,-0.17484176566729573
0.9978869610604217,-0.04601738574961029,-0.04601738574961029
0.9935380790946003,0.06823842993085467,0.06823842993085467
0.9541764258500226,0.15329340243489276,0.15329340243489276
0.879770583954038,-0.3495531205662066,-0.3495531205662066
0.9859977518859394,-0.10280534705624972,-0.10280534705624972
0.9999256547499699,-0.012162926241005371,-0.012162926241005371
0.9824453887043139,0.15692533615070325,0.15692533615070325
0.9666670556806155,-0.17709734832517396,-0.17709734832517396
0.7821980652965722,-0.49567962461423903,-0.49567962461423903
0.9954217898060551,0.058807076800213985,0.058807076800213985
0.9866440941599844,-0.12103787716422704,-0.12103787716422704
0.8423273410416936,-0.3500009873632613,-0.3500009873632613
0.9972918937713576,0.059466826925088104,0.059466826925088104
0.9994944238501315,-0.019615234905251685,-0.019615234905251685
0.967870459121548,0.20717671391742518,0.20717671391742518
0.9434583084134894,-0.26619155043685877,-0.26619155043685877
0.9969258097451079,0.0403981253628875,0.0403981253628875
0.9900431388698149,0.10833237427648525,0.10833237427648525
0.9986582949558959,-0.014693570844031454,-0.014693570844031454
0.9995983173483634,-0.0223368332076031,-0.0223368332076031
0.99961094137418,-0.026717096663969236,-0.026717096663969236
0.9993309878965603,-0.023229443650261878,-0.023229443650261878
0.9894589877766146,0.11833087041711635,0.11833087041711635
0.9931220329874442,-0.05596911643829038,-0.05596911643829038
0.9960510197076319,-0.05342884096018025,-0.05342884096018025
0.9998484845268095,-0.01681802835632805,-0.01681802835632805
0.9961524751355015,0.0679086977701474,0.0679086977701474
0.995356751175931,-0.05523403086253161,-0.05523403086253161
0.998279966808398,0.045509205151121696,0.045509205151121696
0.9992802009116336,0.033606446781150004,0.033606446781150004
0.9974030654255307,0.06271538570736421,0.06271538570736421
0.9971896117508887,0.05173940409127719,0.05173940409127719
0.9640441330427745,-0.18034419444342975,-0.18034419444342975
0.9642846820608744,0.18174410031864166,0.18174410031864166
0.9980370481589312,-0.031088651671752152,-0.031088651671752152
0.9275003928088652,-0.29055340810239055,-0.29055340810239055
0.979866224186387,-0.13747492155413074,-0.13747492155413074
0.9930080468447501,0.1147992771754553,0.1147992771754553
0.9331195744384931,-0.32867880329519616,-0.32867880329519616
0.9980965965565017,-0.05600304014637225,-0.05600304014637225
0.9758963491971642,0.16079398949650206,0.16079398949650206
0.9996499548604314,0.013423503116073413,0.013423503116073413
0.9958721816639283,-0.06972986304364429,-0.06972986304364429
0.9998973331122362,0.01159511093644426,0.01159511093644426
0.9966382818206776,-0.07311240495246468,-0.07311240495246468
0.9918128000686774,0.10281707568748298,0.10281707568748298
0.9897100630902639,0.1081203797464016,0.1081203797464016
0.9997908878532209,0.02029454699702539,0.02029454699702539
0.9691706417379355,0.21085054762205147,0.21085054762205147
0.9456276385387525,0.08278963244719711,0.08278963244719711
0.9971758851294636,-0.05312451580590074,-0.05312451580590074
0.9781057829755657,-0.15631809918372933,-0.15631809918372933
0.7068363455179231,-0.4363014122822915,-0.4363014122822915
0.9997475620408065,-0.02246775349647856,-0.02246775349647856
0.9986101389844803,-0.039958843587114865,-0.039958843587114865
0.9937513093322351,-0.09793887753916522,-0.09793887753916522
0.9531388216599566,-0.20336841093592106,-0.20336841093592106
0.9990302549737736,-0.025146308079732345,-0.025146308079732345
0.9219582807737665,0.09307814394538279,0.09307814394538279
0.9971043540052356,0.07592403596191835,0.07592403596191835
0.9927241661610456,0.07751681820613558,0.07751681820613558
0.9909869162799213,-0.09331632079667859,-0.09331632079667859
0.9996838129342108,0.022360690421630972,0.022360690421630972
0.994652364581946,-0.05884206736846061,-0.05884206736846061
0.9996636114178341,0.018007529274588294,0.018007529274588294
0.9963599416219271,-0.06731624453534694,-0.06731624453534694
0.9824972630814411,0.12698886260058798,0.12698886260058798
0.9901068927815035,-0.08265556864102687,-0.08265556864102687
0.9860345800521264,-0.12033300070389892,-0.12033300070389892
0.9984464889161977,0.018985772020050813,0.018985772020050813
0.7304781817982752,-0.40216230154451205,-0.40216230154451205
0.9615949244341299,-0.2091473023759445,-0.2091473023759445
0.9941747993433561,0.06013967743485661,0.06013967743485661
0.9989968977164367,-0.03883336697702172,-0.03883336697702172
0.997601324217453,-0.0489426046203454,-0.0489426046203454
0.9805848873191206,0.10558531284520711,0.10558531284520711
0.9946904460836964,-0.10067644381448285,-0.10067644381448285
0.9951370744268548,0.09549216662456042,0.09549216662456042
0.9742352508277662,0.12229720366938447,0.12229720366938447
0.9940614679652179,0.06645097323330805,0.06645097323330805
0.9998448175501536,-0.01493552744252166,-0.01493552744252166
0.9997107752903984,0.0119762273920738,0.0119762273920738
0.9999287219016466,0.01146736113416397,0.01146736113416397
0.9987573631590869,-0.031004059142362636,-0.031004059142362636
0.986355510531526,0.11902415456085517,0.11902415456085517
0.9955385742086481,-0.07889348302475567,-0.07889348302475567
0.9953216684615157,0.07154949091703738,0.07154949091703738
0.9768892845811028,0.16236807184590438,0.16236807184590438
0.961564319871584,-0.18325469934513156,-0.18325469934513156
0.9290823295169502,0.20306793885401836,0.20306793885401836
0.995346357932479,-0.059240702171335625,-0.059240702171335625
0.9996613741100331,0.023273418231497957,0.023273418231497957
0.9998792967848341,-0.003125890101584072,-0.003125890101584072
0.7968577662014911,-0.4216211072847564,-0.4216211072847564
0.9887240793113613,0.09382405829404107,0.09382405829404107
0.9893196361875414,-0.11677943062005615,-0.11677943062005615
0.9780514658326392,-0.08697951421582126,-0.08697951421582126
0.9974976150842777,-0.05296956284865842,-0.05296956284865842
0.988147513599136,0.029269009755615142,0.029269009755615142
0.9998694557396804,0.01326960227422697,0.01326960227422697
0.9995187582520124,-0.028057290083454867,-0.028057290083454867
0.9994382538952579,-0.03289798975183554,-0.03289798975183554
0.9943785053507025,0.10393823045101579,0.10393823045101579
0.9989689772462269,-0.03612926789846346,-0.03612926789846346
0.9905012816887011,-0.10449274004135109,-0.10449274004135109
0.9916421782889525,-0.08297761387417467,-0.08297761387417467
0.9989150911795438,-0.00012778435247730194,-0.00012778435247730194
0.9983971538533154,-0.04578124993238151,-0.04578124993238151
0.999556525151254,0.015834657781393372,0.015834657781393372
0.9998222539771221,0.008656565085493948,0.008656565085493948
0.9766291077285796,0.16222867165962135,0.16222867165962135
0.7447656830952725,-0.4173722255929494,-0.4173722255929494
0.9941931618202432,-0.08114773246684788,-0.08114773246684788
0.999791292680743,0.012705443121936399,0.012705443121936399
0.9971120911999164,-0.013609769477119744,-0.013609769477119744
0.9999531065478685,0.009554333994258984,0.009554333994258984
0.9951165882653699,-0.06597465501835098,-0.06597465501835098
0.948744564019395,-0.2120115535567879,-0.2120115535567879
0.9992059662155418,-0.006385732951550922,-0.006385732951550922
0.9994466128249652,-0.019615913474870763,-0.019615913474870763
0.9712309662568165,-0.15761119527209522,-0.15761119527209522
0.9805032300996159,-0.11642705415124788,-0.11642705415124788
0.9993307594833415,0.026627730411795038,0.026627730411795038
0.9958743834198351,0.09073431644174701,0.09073431644174701
0.9976818878615824,-0.050724431243079245,-0.050724431243079245
0.962210055048609,0.1942862271395258,0.1942862271395258
0.9999887393224163,0.0002832435733411786,0.0002832435733411786
0.9953345684142342,-0.061135147778100495,-0.061135147778100495
0.9988432867947777,-0.04589452374413977,-0.04589452374413977
0.9844507604717235,-0.12780076133828785,-0.12780076133828785
0.9781118899424122,0.12540146393486196,0.12540146393486196
0.9996990550196203,0.023777575303126016,0.023777575303126016
0.9995604739034686,-0.027678474264298484,-0.027678474264298484
0.99680210111705,-0.05286413813414987,-0.05286413813414987
0.9747051814873776,0.13495072036475395,0.13495072036475395
0.9381680947278132,-0.23598009449156698,-0.23598009449156698
0.770702043370802,0.4095700626318131,0.4095700626318131
0.9971384772905247,0.055416360928870874,0.055416360928870874
0.9057354593964742,-0.3214005389848537,-0.3214005389848537
0.9978159696788684,-0.0535676624094734,-0.0535676624094734
0.9962537400233268,-0.0733797984548837,-0.0733797984548837
0.9899776667913268,-0.07922235845876195,-0.07922235845876195
0.9265926717397701,-0.1413884740553411,-0.1413884740553411
0.9296837615063437,0.29937428149341905,0.29937428149341905
0.9839499367808371,0.11836711680056872,0.11836711680056872
0.9830811076954125,0.10611141050320656,0.10611141050320656
0.974453219355701,-0.16078241538961174,-0.16078241538961174
0.9999071354964062,-0.0018519823593144361,-0.0018519823593144361
0.9974308379685314,-0.06280314852306003,-0.06280314852306003
0.9998735433497491,0.01190373556825284,0.01190373556825284
0.9946863852228706,-0.025841142063176618,-0.025841142063176618
0.9972215061300771,-0.05061957547606932,-0.05061957547606932
0.99411828569784,0.061969604572224196,0.061969604572224196
0.9145291203801084,0.2862689075278278,0.2862689075278278
0.9962845097870635,0.06513615950340583,0.06513615950340583
0.9990153837647502,0.028861188236014662,0.028861188236014662
0.8628607445665917,0.35969618782067164,0.35969618782067164
0.9985023960782297,0.03656496214273378,0.03656496214273378
0.9868884832782476,0.05807821891652537,0.05807821891652537
0.9893493200952196,-0.11545645626037071,-0.11545645626037071
0.9979988309574831,0.0368161611184118,0.0368161611184118
0.998609015549562,0.04631484542696797,0.04631484542696797
0.9759319170851052,0.15798849313829672,0.15798849313829672
0.9940568176082085,0.060886166185277986,0.060886166185277986
0.9896951794999875,-0.10615144188239037,-0.10615144188239037
0.9982112163577695,0.013670964462616278,0.013670964462616278
0.9995604205187023,0.01945408371622484,0.01945408371622484
0.9678665122932879,-0.19331345729184823,-0.19331345729184823
0.908855476560439,-0.3140071804229202,-0.3140071804229202
0.9986587084585435,0.0381173168127848,0.0381173168127848
0.9997775679585718,0.013788192462792672,0.013788192462792672
0.990390031593546,-0.07545333692140078,-0.07545333692140078
0.9941800465577338,0.06979504125962256,0.06979504125962256
0.9990401566581291,0.0005082413836886185,0.0005082413836886185
0.9996943458313856,-0.012179126058578649,-0.012179126058578649
0.9994549536239942,0.027001086208662407,0.027001086208662407
0.9964711342267607,-0.032345983637462716,-0.032345983637462716
0.9979533761362901,-0.06331214433893839,-0.06331214433893839
0.9815346579525471,0.12305602828435754,0.12305602828435754
0.9756776707402547,-0.14667432985329995,-0.14667432985329995
0.996409994429279,0.062706568050173,0.062706568050173
0.9998528060567954,0.01666029196544907,0.01666029196544907
0.9952946902896307,-0.07807423281153604,-0.07807423281153604
0.9962711482350509,-0.07841193198371481,-0.07841193198371481
0.9997349593061201,-0.02237835893680476,-0.02237835893680476
0.9921380744193752,-0.05185871189859908,-0.05185871189859908
0.9851563851523141,0.11574437575393133,0.11574437575393133
0.9846762806749123,-0.08880428224637174,-0.08880428224637174
0.9920499580618386,-0.07073978759684468,-0.07073978759684468
0.9968145121015984,-0.051119294459195976,-0.051119294459195976
0.9999835563790898,0.005622584346119044,0.005622584346119044
0.9830514773694792,-0.13017940476724446,-0.13017940476724446
0.9536155347493928,-0.06710462383249009,-0.06710462383249009
0.9960644550861871,0.008717696636978533,0.008717696636978533
0.996714232182111,-0.06394154677620098,-0.06394154677620098
0.9955200118544091,0.06540640039583269,0.06540640039583269
0.9973236233421724,0.05541826221937684,0.05541826221937684
0.9971721075809858,-0.055486488477581475,-0.055486488477581475
0.965062286538082,0.18387554546893076,0.18387554546893076
0.985280068915434,-0.13078688032024122,-0.13078688032024122
0.9945106657268746,0.06566818981773129,0.06566818981773129
0.9954043164632319,-0.0753604501106207,-0.0753604501106207
0.993347687982955,0.09114524596590999,0.09114524596590999
0.9999186688676787,-0.0014738593396476222,-0.0014738593396476222
0.99431035570791,0.06988157984790629,0.06988157984790629
0.997956737917723,0.037770279932677675,0.037770279932677675
0.9926161361598013,-0.11958977337964709,-0.11958977337964709
0.9903510190564587,-0.09836485926969335,-0.09836485926969335
0.9987040298424116,-0.04550629380277384,-0.04550629380277384
0.992130331564116,-0.09383851774862903,-0.09383851774862903
0.9924878969322625,-0.09637703816327438,-0.09637703816327438
0.9698138609598553,-0.16681455197827477,-0.16681455197827477
0.9904600458715642,-0.1285939275213086,-0.1285939275213086
0.9816610017057097,0.1679452302758284,0.1679452302758284
0.9805293337954927,-0.07964834837406919,-0.07964834837406919
0.9581739384672402,-0.17308287133772202,-0.17308287133772202
0.9950894943974951,0.07544488011371632,0.07544488011371632
0.9166932729629104,0.2854568260477904,0.2854568260477904
0.9942271524841431,0.08273245311486103,0.08273245311486103
0.9454156594351113,0.3249203166838582,0.3249203166838582
0.9982570132115975,-0.0432264728405394,-0.0432264728405394
0.9990670243654217,-0.0327064080350549,-0.0327064080350549
0.9990615355982816,0.039760315101130726,0.039760315101130726
0.999933842378819,-0.009668140695808973,-0.009668140695808973
0.9998439321796212,-0.006923789872753395,-0.006923789872753395
0.9703441913024925,0.04286284209382868,0.04286284209382868
0.994297277018524,-0.07452131593801531,-0.07452131593801531
0.999147162460655,-0.03712084822724154,-0.03712084822724154
0.9989306056425249,-0.024545888715400112,-0.024545888715400112
0.952799667111401,0.17172802202244036,0.17172802202244036
0.9705605163970183,-0.19407766231551654,-0.19407766231551654
0.9999948706923052,0.002783111767188517,0.002783111767188517
0.9933729613002499,-0.07286521230102469,-0.07286521230102469
0.9991019664895,-0.03881000123816989,-0.03881000123816989
0.9978356461259134,0.05050713503538478,0.05050713503538478
0.9998135332160629,-0.019240921230954673,-0.019240921230954673
0.9984785287267929,0.027976536381129066,0.027976536381129066
0.9982832817814059,0.032949802919691046,0.032949802919691046
0.996537788667621,0.05261954628150783,0.05261954628150783
0.9940227863655163,0.08500006296056184,0.08500006296056184
0.9597618153928709,-0.10327711741626804,-0.10327711741626804
0.9991482731471241,-0.03374010820982553,-0.03374010820982553
0.9975040610345854,0.03677788019024473,0.03677788019024473
0.9983322734865883,0.04479262030078459,0.04479262030078459
0.9981761536966398,0.03316578095401906,0.03316578095401906
0.998800993127873,-0.007571815871978202,-0.007571815871978202
0.9996426769878658,-0.02090661823561652,-0.02090661823561652
0.998720291481335,0.02755867093372533,0.02755867093372533
0.9950699896257201,0.09131394276698124,0.09131394276698124
0.9981303167689598,-0.04431034109723718,-0.04431034109723718
0.9874630975291342,-0.11219166775892464,-0.11219166775892464
0.9998958796256715,-0.00991007173982109,-0.00991007173982109
0.9933005587526094,-0.07972076559488513,-0.07972076559488513
0.9949085363284059,-0.09217999348233533,-0.09217999348233533
0.971492587679853,0.13650417253621655,0.13650417253621655
0.995937357430798,-0.054512757376165004,-0.054512757376165004
0.9690510672424159,0.16213074484789033,0.16213074484789033
0.9766487441036662,-0.15285516685771447,-0.15285516685771447
0.940513284868092,-0.24076487329402316,-0.24076487329402316
0.9998250554682251,0.003536496231095984,0.003536496231095984
0.8757431597843037,0.36517560792318826,0.36517560792318826
0.7398544778551779,-0.36317500948435927,-0.36317500948435927
0.9993400172918121,0.03632500834972562,0.03632500834972562
0.9523726287115388,-0.18461226808260062,-0.18461226808260062
0.9519920434506716,-0.21650394383663107,-0.21650394383663107
0.9888048387386221,-0.11904913751349024,-0.11904913751349024
0.9987710575809232,0.038623424268944544,0.038623424268944544
0.9922348883262281,-0.10805401320366806,-0.10805401320366806
0.9965535084995727,0.05729017717581847,0.05729017717581847
0.9899119931277479,-0.10983753439345759,-0.10983753439345759
0.9985725736867898,-0.041589564516008586,-0.041589564516008586
0.9998290020727996,-0.000519461316631555,-0.000519461316631555
0.8636315182174351,0.42752545436513767,0.42752545436513767
0.9982036358136613,-0.033532378986864585,-0.033532378986864585
0.9728609007916184,-0.17218195741387665,-0.17218195741387665
0.9941620473357189,0.06935854461884564,0.06935854461884564
0.9994552061825066,-0.022795517237825937,-0.022795517237825937
0.9898471993926762,0.135702643436899,0.135702643436899
0.9841044048808795,0.13270621037403185,0.13270621037403185
0.9995772413042969,-0.015762229398755396,-0.015762229398755396
0.9984959167833497,0.036143354174930566,0.036143354174930566
0.9885683496302012,-0.07568127809669187,-0.07568127809669187
0.9998676174617038,0.01506762329206742,0.01506762329206742
0.9998075037890743,0.006048385303962889,0.006048385303962889
0.9979034317665781,-0.05753803339146557,-0.05753803339146557
0.9958680727170253,-0.07152153190475807,-0.07152153190475807
0.9958532826155831,0.052898328863920256,0.052898328863920256
0.997929288431346,0.04532561311773659,0.04532561311773659
0.9976831985801061,-0.04116638902517768,-0.04116638902517768
0.9977113630470376,0.0667174755101758,0.0667174755101758
0.9988569334442297,0.04215001150829369,0.04215001150829369
0.997943825478342,-0.05193834390835123,-0.05193834390835123
0.9962364204991857,-0.07477399708867202,-0.07477399708867202
0.9973325491664813,-0.03503468877515559,-0.03503468877515559
0.99981046653056,-0.01710636436949843,-0.01710636436949843
0.9765991670599652,0.1745267091230934,0.1745267091230934
0.994787331643054,0.08628803494652551,0.08628803494652551
0.9928184704721867,0.09123350261371267,0.09123350261371267
0.994908454418988,0.06408895483743088,0.06408895483743088
0.9862646875273748,0.12022511087328638,0.12022511087328638
0.9999668360495476,-0.006483464439078042,-0.006483464439078042
0.9997728006495314,-0.016557052614347173,-0.016557052614347173
0.998418364434449,-0.03823968707186093,-0.03823968707186093
0.8230622010506484,0.38439632315798694,0.38439632315798694
0.9789733201646642,-0.13107903617655353,-0.13107903617655353
0.9760277401394952,0.12621859843529706,0.12621859843529706
0.9998455534173165,0.0041354081478565795,0.0041354081478565795
0.9791650631239898,-0.14300493431878375,-0.14300493431878375
0.9975701502978611,-0.058950271495065,-0.058950271495065
0.9266137153530738,0.2539344497976107,0.2539344497976107
0.9983198055788806,0.057643935990399096,0.057643935990399096
0.9997534936035831,0.014222759165054572,0.014222759165054572
0.979343616666303,0.1326630604713367,0.1326630604713367
0.9972820774367468,-0.05056566021322821,-0.05056566021322821
0.9790083002815723,-0.13336654221483202,-0.13336654221483202
0.9998360076373913,0.008514763109438092,0.008514763109438092
0.9822391310682773,-0.181771664766379,-0.181771664766379
0.9992837895955591,0.02340203726319748,0.02340203726319748
0.9851720523511298,0.10965183987223551,0.10965183987223551
0.9912656253709468,0.06637701029954197,0.06637701029954197
0.998383273215101,-0.0373734595910793,-0.0373734595910793
0.9713097097367241,-0.15342592206032346,-0.15342592206032346
0.9877728303611171,-0.11856491129068626,-0.11856491129068626
0.9789956655679688,0.1720765469401368,0.1720765469401368
0.9984798391014661,0.054919070343143264,0.054919070343143264
0.9998354075061128,-0.018126845404346073,-0.018126845404346073
0.9996716479727153,0.025623720118169924,0.025623720118169924
0.9917010278667174,-0.09658947676821468,-0.09658947676821468
0.9744368515770275,-0.20848987723803142,-0.20848987723803142
0.9986479026849726,-0.04377412490742844,-0.04377412490742844
0.966632064846736,0.18547088221972996,0.18547088221972996
0.9995033365786867,-0.031252212532152955,-0.031252212532152955
0.9942356051043402,-0.07523453169553311,-0.07523453169553311
0.9986573573150893,-0.007656688062405387,-0.007656688062405387
0.9984027955543852,-0.04958203568949989,-0.04958203568949989
0.9752074176866261,0.14914288385826868,0.14914288385826868
0.924511127511173,0.2012476238844499,0.2012476238844499
0.9895801152938296,0.06117901045266052,0.06117901045266052
0.9859139315588348,-0.128415968014088,-0.128415968014088
0.9143628450940428,0.3210581513649297,0.3210581513649297
0.999325100302485,-0.01792761035390029,-0.01792761035390029
0.988598125155885,0.11098671715236402,0.11098671715236402
0.9944031843960839,-0.06088174632422432,-0.06088174632422432
0.9980286376539561,0.03026163236781176,0.03026163236781176
0.9890737482069862,0.09108344036434554,0.09108344036434554
0.9987092495461879,0.012068620020351016,0.012068620020351016
0.9894001600858227,-0.03714889891965511,-0.03714889891965511
0.9922433656835017,0.0915988819951749,0.0915988819951749
0.9984444886123588,-0.04008304793296663,-0.04008304793296663
0.9937934063450772,0.09314064400423858,0.09314064400423858
0.9998346810606594,-0.01817959052994143,-0.01817959052994143
0.9765735359367035,-0.16913306742882983,-0.16913306742882983
0.9874315581475046,0.1025434390170254,0.1025434390170254
0.9986990107068522,0.04857285250199192,0.04857285250199192
0.9635637417948123,0.15572140920815397,0.15572140920815397
0.9996708045485402,-0.022243713275318044,-0.022243713275318044
0.9993948411899566,-0.03425326638400817,-0.03425326638400817
0.9975924581206361,-0.045531943195712764,-0.045531943195712764
0.9998522232613103,-0.008878461027745208,-0.008878461027745208
0.9826482566810152,-0.138512681962471,-0.138512681962471
0.9989135992330437,0.027112894576656846,0.027112894576656846
0.9986160297273471,-0.033708425491797166,-0.033708425491797166
0.9974897663661848,0.05785479616996977,0.05785479616996977
0.9988232886466133,-0.022807545804151327,-0.022807545804151327
0.9964069186113007,-0.06771975619724219,-0.06771975619724219
0.9997117187279467,0.018587651575315462,0.018587651575315462
0.9966226130467445,0.05757876397923473,0.05757876397923473
0.9946490822831838,-0.0655714649200288,-0.0655714649200288
0.986029734045092,-0.13420047251579087,-0.13420047251579087
0.9828597779801785,0.12068294474713366,0.12068294474713366
0.9731943258150574,-0.002738334510705914,-0.002738334510705914
0.9976755574243414,0.04669687030566134,0.04669687030566134
0.9998586369964836,-0.015614835809570298,-0.015614835809570298
0.9867775198139566,0.10556568441968044,0.10556568441968044
0.9971614776271494,-0.04317046641077625,-0.04317046641077625
0.9999431977376197,-0.01000718599728568,-0.01000718599728568
0.9999658321964318,0.007799330974074182,0.007799330974074182
0.9994222880735609,-0.02571446544271475,-0.02571446544271475
0.9948312474225549,-0.08767884345029539,-0.08767884345029539
0.9995584694259959,-0.028315471842757,-0.028315471842757
0.9929839659996661,-0.11298434592339218,-0.11298434592339218
0.9977669738595183,-0.006163854614565008,-0.006163854614565008
0.9742215412028822,0.12019116619384133,0.12019116619384133
0.9990693958294126,0.032336525748711535,0.032336525748711535
0.9904090531473474,0.011693282134415806,0.011693282134415806
0.9712831620765917,-0.13231608215908325,-0.13231608215908325
0.9997696324299791,0.014736050438472339,0.014736050438472339
0.9956303144534461,-0.042867930554499306,-0.042867930554499306
0.9998597569785875,0.008198335970181821,0.008198335970181821
0.9887399337306118,-0.10660628411341368,-0.10660628411341368
0.9806931581619502,0.14239974068519617,0.14239974068519617
0.9991016858520633,-0.021061666433911833,-0.021061666433911833
0.9992472795623029,0.023652999177082325,0.023652999177082325
0.9992166613533761,-0.02784689752754632,-0.02784689752754632
0.9670263855022185,0.22077869314632295,0.22077869314632295
0.9929867809841011,0.11795274908333675,0.11795274908333675
0.9923951529744606,-0.059927257374994304,-0.059927257374994304
0.9865454110392606,0.08149801363215113,0.08149801363215113
0.9955135624676176,0.07716961377976446,0.07716961377976446
0.9962632625169685,0.06359980729780154,0.06359980729780154
0.9997442326299781,0.016103036488224146,0.016103036488224146
0.9989524919139545,-0.042807566166316514,-0.042807566166316514
0.9930593191662879,-0.07298459445616765,-0.07298459445616765
0.983823070342707,0.11337093986638076,0.11337093986638076
0.9997232785912935,-0.0018228605674141408,-0.0018228605674141408
0.9510713580895706,-0.20824867051815135,-0.20824867051815135
0.9992702591971675,0.013847425301771563,0.013847425301771563
0.9021398324361077,-0.2612122318997615,-0.2612122318997615
0.9950721407240879,-0.08887172770567886,-0.08887172770567886
0.9996745491128268,-0.01505086479246224,-0.01505086479246224
0.9984648295383501,-0.04453039481277187,-0.04453039481277187
0.9930504311415201,0.06614212999439546,0.06614212999439546
0.9941570138505635,-0.06938279579969016,-0.06938279579969016
0.9997565683903443,0.0138771744618001,0.0138771744618001
0.957419230475769,0.20380498570004804,0.20380498570004804
0.9809472472017378,-0.14678732000996558,-0.14678732000996558
0.97005896738457,-0.210141710023273,-0.210141710023273
0.993426608278094,0.0906425371065455,0.0906425371065455
0.9999667243061001,-0.00715631823801224,-0.00715631823801224
0.9999089628279191,-0.007597547518533342,-0.007597547518533342
0.9965630336761292,-0.06282127314705091,-0.06282127314705091
0.9991734776650173,-0.024679913537764782,-0.024679913537764782
0.9960916977415266,0.0726225060773619,0.0726225060773619
0.9005053737460248,-0.3231467133065773,-0.3231467133065773
0.9988978719025255,0.02655939910510983,0.02655939910510983
0.9861193955089478,-0.10890429956150138,-0.10890429956150138
0.9990607271920939,0.026964699453318818,0.026964699453318818
0.9883131198888119,-0.11197305816553851,-0.11197305816553851
0.9929504209602117,-0.07940578013910904,-0.07940578013910904
0.9997110387888851,-0.02014736025091031,-0.02014736025091031
0.9213400100974619,-0.29097128329402516,-0.29097128329402516
0.9891919624717607,-0.10919137694853132,-0.10919137694853132
0.9992213543477424,0.03438471659129112,0.03438471659129112
0.961600414830855,0.2652850086749809,0.2652850086749809
0.9945547975190595,0.07203685417287443,0.07203685417287443
0.9812600766618776,-0.13153178757223083,-0.13153178757223083
0.9996405724914907,-0.012482657733081234,-0.012482657733081234
0.9909050175641613,0.08464101017436462,0.08464101017436462
0.9755318616906359,-0.1581159591076377,-0.1581159591076377
0.9865802503236687,0.11761255988825318,0.11761255988825318
0.999828300106153,-0.00483653282802509,-0.00483653282802509
0.9998397982032463,-0.009807977584867195,-0.009807977584867195
0.9980456581089899,0.02712306622795193,0.02712306622795193
0.9993191579237438,0.014670790902526135,0.014670790902526135
0.9846063497789725,-0.12268185229067079,-0.12268185229067079
0.9820808750824119,-0.019860273466489605,-0.019860273466489605
0.9917219514105098,0.07881104226497196,0.07881104226497196
0.9981502440858795,0.05832259662837417,0.05832259662837417
0.9967296620206241,0.07681222172600309,0.07681222172600309
0.9959869868741978,-0.07367602504963307,-0.07367602504963307
0.9949564262390214,-0.07138384752382132,-0.07138384752382132
0.9990201508347369,-0.02188822168977579,-0.02188822168977579
0.9839713189081676,-0.14015642047871307,-0.14015642047871307
0.9979153879611797,0.04713692361298719,0.04713692361298719
0.9988350637447265,-0.037995030730252684,-0.037995030730252684
0.9993815823812396,-0.032194022288391154,-0.032194022288391154
0.9982893843895044,0.046835009348828144,0.046835009348828144
0.996856264201028,-0.04757524598753373,-0.04757524598753373
0.9992389777220255,-0.0293252862580145,-0.0293252862580145
0.9756493532693313,0.16615408115630548,0.16615408115630548
0.999991658850376,0.000764472034359555,0.000764472034359555
0.999991591057152,0.003989078780325764,0.003989078780325764
0.9997299993852045,-0.023147307054015364,-0.023147307054015364
0.998922873187084,-0.03453448689276037,-0.03453448689276037
0.9969029733424032,-0.07636087904408223,-0.07636087904408223
0.9645457303470107,-0.1874210139429852,-0.1874210139429852
0.9982903050630582,-0.027412191172087718,-0.027412191172087718
0.9986517395858793,-0.03704731875539586,-0.03704731875539586
0.999145216874864,-0.038217640312833506,-0.038217640312833506
0.9976123655329641,-0.05654525829448714,-0.05654525829448714
0.9969774074362298,0.06973986960267846,0.06973986960267846
0.9994430274238763,-0.01713044013830458,-0.01713044013830458
0.9995474759311368,0.024410068177361258,0.024410068177361258
0.99689784844989,0.060050934694375266,0.060050934694375266
0.9997274297968344,-0.018121416441830237,-0.018121416441830237
0.9997895671286554,0.01795663356902962,0.01795663356902962
0.9857596695985011,-0.12287293358119097,-0.12287293358119097
0.998694138471784,-0.041157693568358335,-0.041157693568358335
0.9984354687528284,0.030091534002578118,0.030091534002578118
0.9999536063671631,-0.0064037569692176055,-0.0064037569692176055
0.9994378476352335,0.012922701084702665,0.012922701084702665
0.9843384092382168,0.14146064988531878,0.14146064988531878
0.9905892150654466,-0.06876023536795421,-0.06876023536795421
0.9999006532062169,-0.0034980526872240656,-0.0034980526872240656
0.9973912297184143,0.06559416047740226,0.06559416047740226
0.9999366302716154,-0.010602385342809587,-0.010602385342809587
0.9994876636331957,0.022193325742208978,0.022193325742208978
0.9891284174638426,-0.09224550880616537,-0.09224550880616537
0.9996186912592913,-0.018998205309311834,-0.018998205309311834
0.9998982615933883,-0.010405862640389037,-0.010405862640389037
0.9893883945219804,0.10172561261314643,0.10172561261314643
0.9760278961107615,-0.13750151214973386,-0.13750151214973386
0.9786121432794643,-0.1903177639593694,-0.1903177639593694
0.9995511594332263,-0.025113813501974058,-0.025113813501974058
0.9953682213881127,-0.07572295989868875,-0.07572295989868875
0.9999817576217793,0.004774491679373133,0.004774491679373133
0.9751292093247048,-0.15554050112577092,-0.15554050112577092
0.9679316535440827,0.1756786251945326,0.1756786251945326
0.9971024903059569,0.054648910394965874,0.054648910394965874
0.9989583218362181,-0.02407907625382415,-0.02407907625382415
0.9995660334581601,-0.023085836753869566,-0.023085836753869566
0.9992573622494416,0.023981326867636252,0.023981326867636252
0.9877459597300187,0.10946943467000236,0.10946943467000236
0.9864451233216556,-0.16312764031996732,-0.16312764031996732
0.983465815671579,0.06470047656662856,0.06470047656662856
0.9990904261876602,-0.033770914731549424,-0.033770914731549424
0.9628397383675813,-0.205742529551041,-0.205742529551041
0.9971687372906634,-0.060893897587312576,-0.060893897587312576
0.9737454858828085,0.1641299914263401,0.1641299914263401
0.9995209243546757,0.019162243541126937,0.019162243541126937
0.9996614047360015,0.020916235663400937,0.020916235663400937
0.9966409573274394,0.05313363291149133,0.05313363291149133
0.9950971687222903,-0.0569767396878664,-0.0569767396878664
0.9971755438280648,-0.049486745189203624,-0.049486745189203624
0.9984282163129257,0.046204177071594084,0.046204177071594084
0.9982589548852567,-0.04936291421466292,-0.04936291421466292
0.9999568700601761,0.008925847612519515,0.008925847612519515
0.9999856098508376,-0.005195566191366604,-0.005195566191366604
0.9795255383490011,-0.14270151122837288,-0.14270151122837288
0.9985281171678274,-0.037665830048467415,-0.037665830048467415
0.9999290957914116,-0.01146582299150412,-0.01146582299150412
0.9998382788267768,-0.0064036036982181264,-0.0064036036982181264
0.9969601552838231,-0.046756423225455604,-0.046756423225455604
0.9971037101065607,0.05978865808825489,0.05978865808825489
0.9925006850005005,0.08060788454651405,0.08060788454651405
0.9934547109142062,0.09202538977023547,0.09202538977023547
0.9983918629573919,-0.0432019469089747,-0.0432019469089747
0.9999552400972881,-0.0031364026052165916,-0.0031364026052165916
0.9972449153797243,-0.05623887135319572,-0.05623887135319572
0.9969279715764663,-0.06225063550292712,-0.06225063550292712
0.9929461031971342,-0.07335245448873469,-0.07335245448873469
0.94546142758854,-0.1727668020575116,-0.1727668020575116
0.9947811715845865,-0.09496460114154953,-0.09496460114154953
0.9998551813494763,-0.016302959791886548,-0.016302959791886548
0.9996281063235328,-0.009425585526652574,-0.009425585526652574
0.9937375826661488,0.09575039219253605,0.09575039219253605
0.9959110923735512,0.06886756278856626,0.06886756278856626
0.9515786606902656,-0.2316553870330788,-0.2316553870330788
0.9999900184512789,0.003441440302366378,0.003441440302366378
0.9963485951348008,0.08531495103751789,0.08531495103751789
0.9982777365437084,-0.05064870373924998,-0.05064870373924998
0.9965797380983455,-0.0214563949665461,-0.0214563949665461
0.9703610932888804,0.16942148225651973,0.16942148225651973
0.9984216764904371,-0.05016774054565212,-0.05016774054565212
0.9901990416776798,-0.11376035279236245,-0.11376035279236245
0.9827445120425542,-0.13045099875889568,-0.13045099875889568
0.967652289884138,0.1604987847135012,0.1604987847135012
0.9987144238110082,-0.03743415881483719,-0.03743415881483719
0.9968656146908406,-0.04845840254799339,-0.04845840254799339
0.9895648469155538,-0.09912865575900778,-0.09912865575900778
0.9982766131628541,-0.013400389907015735,-0.013400389907015735
0.9987272549696055,-0.044427074461028636,-0.044427074461028636
0.9910989342843466,-0.098096883217276,-0.098096883217276
0.9997389507614535,0.019147848183732233,0.019147848183732233
0.9875751566263442,0.05013316059907698,0.05013316059907698
0.9994898073037085,0.01034129055934806,0.01034129055934806
0.9995996704352998,0.009282412422469685,0.009282412422469685
0.9967279950106783,-0.05063258424698777,-0.05063258424698777
0.9968689057058122,-0.053692570003773345,-0.053692570003773345
0.9946214369422836,-0.07610893449598873,-0.07610893449598873
0.9999651818670824,0.005851342244481984,0.005851342244481984
0.9890931018250387,-0.1451336931927907,-0.1451336931927907
0.9730517185414091,-0.15525751665928725,-0.15525751665928725
0.9999199326104706,-0.0038853799811172356,-0.0038853799811172356
0.9998060969409452,0.0008001787831764853,0.0008001787831764853
0.9999677455574565,-0.0015279922080603404,-0.0015279922080603404
0.9999939248801001,-0.00010090504765219471,-0.00010090504765219471
0.9964178316593092,0.06289362032785509,0.06289362032785509
0.9939744482576286,-0.09157613480441108,-0.09157613480441108
0.9969489231903883,0.061151094564911274,0.061151094564911274
0.997426514779446,-0.03812936678380416,-0.03812936678380416
0.9994753209396608,0.008629166427018145,0.008629166427018145
0.9923448296474267,0.09367515416114056,0.09367515416114056
0.9904093722461771,0.10484975005516871,0.10484975005516871
0.9976052727974591,0.05195990575714561,0.05195990575714561
0.9994188435079358,0.028965892080496568,0.028965892080496568
0.996262464417042,0.055693845608612,0.055693845608612
0.9919265458212829,-0.08870571612736598,-0.08870571612736598
0.9765237445525178,-0.11117089828814536,-0.11117089828814536
0.999886571847365,-0.00811683454611918,-0.00811683454611918
0.9977500667073274,0.04881133670639051,0.04881133670639051
0.9990463697378017,-0.038351239764665444,-0.038351239764665444
0.9898228869711474,-0.09064335199758522,-0.09064335199758522
0.9971882959329728,0.03775069199310629,0.03775069199310629
0.9964167972024507,0.05808006410308719,0.05808006410308719
0.9995336391730971,-0.012210203037558395,-0.012210203037558395
0.9717564764900158,-0.16327068568084488,-0.16327068568084488
0.9966181365779818,-0.06023181379825317,-0.06023181379825317
0.9998846150984159,0.010928929523694515,0.010928929523694515
0.9950177890939321,-0.0711982026713365,-0.0711982026713365
0.9992477431606702,-0.02685273825140523,-0.02685273825140523
0.9993992872119889,-0.024662135429494032,-0.024662135429494032
0.999869741531883,-0.010424266465348074,-0.010424266465348074
0.9996741641369166,0.012900987720392497,0.012900987720392497
0.9991139536773717,0.02512372911756903,0.02512372911756903
0.9994027251904565,0.02611847458738458,0.02611847458738458
0.9953141009921902,-0.07633273740170442,-0.07633273740170442
0.9991841571465986,0.020638729320477923,0.020638729320477923
0.9966282823676083,0.06125392135727263,0.06125392135727263
0.9962644459545088,0.06597919217674532,0.06597919217674532
0.9999472817260769,0.00572488302509368,0.00572488302509368
0.9971326235790711,-0.038705003221664626,-0.038705003221664626
0.9978653862667167,-0.04092113404223822,-0.04092113404223822
0.9965796617567227,-0.06423469787198652,-0.06423469787198652
0.9998453780628864,-0.00880409805508515,-0.00880409805508515
0.9998415572190612,-0.01596580312647249,-0.01596580312647249
0.9986608890027138,-0.02877755893052452,-0.02877755893052452
0.9936604032371769,0.0820688374120073,0.0820688374120073
0.9996005642656992,0.01879364459359828,0.01879364459359828
0.9990433498481818,-0.033029954984775255,-0.033029954984775255
0.9961605964550811,-0.07112614007973286,-0.07112614007973286
0.995152978597869,-0.06641877240964576,-0.06641877240964576
0.9996756072049264,-0.01983472949695091,-0.01983472949695091
0.9999802679679153,-0.005864913628184913,-0.005864913628184913
0.9967143462580078,0.03491551400123361,0.03491551400123361
0.9808210653687298,0.14671064713620247,0.14671064713620247
0.9916693425078271,0.07930081435059258,0.07930081435059258
0.9966546908794591,-0.04336838299961002,-0.04336838299961002
0.9933327033056009,-0.08179308165766883,-0.08179308165766883
0.9925308018146242,-0.08518298793508483,-0.08518298793508483
0.9984378236514372,0.0031052929273993096,0.0031052929273993096
0.9992746706167641,-0.013454993768132289,-0.013454993768132289
0.9750248271031026,0.16378719189800378,0.16378719189800378
0.9908210122915185,0.03412309694592099,0.03412309694592099
0.9932038578803284,-0.09172692610064237,-0.09172692610064237
0.9371890011333494,-0.23904346450953307,-0.23904346450953307
0.9790282252426373,-0.09736317929665744,-0.09736317929665744
0.9807930619295714,0.13500889018754006,0.13500889018754006
0.9992926805969706,-0.02515318493528541,-0.02515318493528541
0.9958878347619572,0.06550828642996723,0.06550828642996723
0.9770542714796365,0.13218008700501294,0.13218008700501294
0.9426064877589889,0.21096872361526908,0.21096872361526908
0.9818583494403993,0.0988419678927907,0.0988419678927907
0.8933185099381075,0.18662114297920324,0.18662114297920324
0.9999391726467323,-0.0016156341575619434,-0.0016156341575619434
0.9995734611760592,-0.024558701578570714,-0.024558701578570714
0.9874881216873646,-0.1403554317685281,-0.1403554317685281
0.9997563112045236,-0.02206414621458605,-0.02206414621458605
0.994293312113325,0.06831567431127035,0.06831567431127035
0.9988843590221664,-0.024295651925421585,-0.024295651925421585
0.9828975019308706,0.12958639554670123,0.12958639554670123
0.987122802167866,-0.1100951905681255,-0.1100951905681255
0.9699556849722454,-0.1451371250887074,-0.1451371250887074
0.9986881601550102,0.01953812133475954,0.01953812133475954
0.9893096629234739,0.11395446296682354,0.11395446296682354
0.9863861744505851,0.12624948735677524,0.12624948735677524
0.9652760662131339,-0.13558287800248695,-0.13558287800248695
0.9981948946886682,0.027184980915356382,0.027184980915356382
0.9920016904145457,0.0860980109356317,0.0860980109356317
0.9998888655501508,-0.011318641335662539,-0.011318641335662539
0.9890003926970008,-0.06915561689943305,-0.06915561689943305
0.9959886815036616,-0.043436053450927596,-0.043436053450927596
0.9995546121284725,0.020329990188371967,0.020329990188371967
0.9532436946237571,0.22449260646596017,0.22449260646596017
0.9983724295941416,0.04394050858601802,0.04394050858601802
0.9961613400804725,0.05982937572015422,0.05982937572015422
0.9672607330726862,-0.18962119448114695,-0.18962119448114695
0.9698524773682214,0.16879185420777504,0.16879185420777504
0.9973466942661825,-0.05647248587393142,-0.05647248587393142
0.9943233104718708,0.08103935138218417,0.08103935138218417
0.9871177469943384,-0.11263293106622496,-0.11263293106622496
0.9978236219419737,0.04503703419215141,0.04503703419215141
0.9942010499402653,0.06943609754166657,0.06943609754166657
0.997723178269949,-0.0502472635855184,-0.0502472635855184
0.9782408836154147,0.14675919189292777,0.14675919189292777
1.0,0.0,0.0
1.0,0.0,0.0
1.0,0.0,0.0
1.0,0.0,0.0
1.0,0.0,0.0
1.0,0.0,0.0
1.0,0.0,0.0
1.0,0.0,0.0
1.0,0.0,0.0
1.0,0.0,0.0
1.0,0.0,0.0
1.0,0.0,0.0
1.0,0.0,0.0
1.0,0.0,0.0
1.0,0.0,0.0
1.0,0.0,0.0
1.0,0.0,0.0
1.0,0.0,0.0
1.0,0.0,0.0
1.0,0.0,0.0
1.0,0.0,0.0
1.0,0.0,0.0
1.0,0.0,0.0
1.0,0.0,0.0
1.0,0.0,0.0
1.0,0.0,0.0
1.0,0.0,0.0
1.0,0.0,0.0
1.0,0.0,0.0
1.0,0.0,0.0
1.0,0.0,0.0
1.0,0.0,0.0
1.0,0.0,0.0
1.0,0.0,0.0
1.0,0.0,0.0
1.0,0.0,0.0
1.0,0.0,0.0
1.0,0.0,0.0
1.0,0.0,0.0
1.0,0.0,0.0
1.0,0.0,0.0
1.0,0.0,0.0
1.0,0.0,0.0
1.0,0.0,0.0
1.0,0.0,0.0
1.0,0.0,0.0
1.0,0.0,0.0
1.0,0.0,0.0
1.0,0.0,0.0
1.0,0.0,0.0
1.0,0.0,0.0
1.0,0.0,0.0
1.0,0.0,0.0
1.0,0.0,0.0
1.0,0.0,0.0
1.0,0.0,0.0
1.0,0.0,0.0
1.0,0.0,0.0
1.0,0.0,0.0
1.0,0.0,0.0
1.0,0.0,0.0
1.0,0.0,0.0
1.0,0.0,0.0
1.0,0.0,0.0
1.0,0.0,0.0
1.0,0.0,0.0
1.0,0.0,0.0
1.0,0.0,0.0
1.0,0.0,0.0
1.0,0.0,0.0
1.0,0.0,0.0
1.0,0.0,0.0
1.0,0.0,0.0
1.0,0.0,0.0
1.0,0.0,0.0
1.0,0.0,0.0
1.0,0.0,0.0
1.0,0.0,0.0
1.0,0.0,0.0
1.0,0.0,0.0
1.0,0.0,0.0
1.0,0.0,0.0
1.0,0.0,0.0
1.0,0.0,0.0
1.0,0.0,0.0
1.0,0.0,0.0
1.0,0.0,0.0
1.0,0.0,0.0
1.0,0.0,0.0
1.0,0.0,0.0
1.0,0.0,0.0
1.0,0.0,0.0
1.0,0.0,0.0
1.0,0.0,0.0
1.0,0.0,0.0
1.0,0.0,0.0
1.0,0.0,0.0
1.0,0.0,0.0
1.0,0.0,0.0
1.0,0.0,0.0
1.0,0.0,0.0
1.0,0.0,0.0
1.0,0.0,0.0
1.0,0.0,0.0
1.0,0.0,0.0
1.0,0.0,0.0
1.0,0.0,0.0
1.0,0.0,0.0
1.0,0.0,0.0
1.0,0.0,0.0
1.0,0.0,0.0
1.0,0.0,0.0
1.0,0.0,0.0
1.0,0.0,0.0
1.0,0.0,0.0
1.0,0.0,0.0
1.0,0.0,0.0
1.0,0.0,0.0
1.0,0.0,0.0
1.0,0.0,0.0
1.0,0.0,0.0
1.0,0.0,0.0
1.0,0.0,0.0
1.0,0.0,0.0
1.0,0.0,0.0
1.0,0.0,0.0
1.0,0.0,0.0
1.0,0.0,0.0
1.0,0.0,0.0
1.0,0.0,0.0
1.0,0.0,0.0
1.0,0.0,0.0
1.0,0.0,0.0
1.0,0.0,0.0
1.0,0.0,0.0
1.0,0.0,0.0
1.0,0.0,0.0
1.0,0.0,0.0
1.0,0.0,0.0
1.0,0.0,0.0
1.0,0.0,0.0
1.0,0.0,0.0
1.0,0.0,0.0
1.0,0.0,0.0
1.0,0.0,0.0
1.0,0.0,0.0
1.0,0.0,0.0
1.0,0.0,0.0
1.0,0.0,0.0
1.0,0.0,0.0
1.0,0.0,0.0
1.0,0.0,0.0
1.0,0.0,0.0
1.0,0.0,0.0
1.0,0.0,0.0
1.0,0.0,0.0
1.0,0.0,0.0
1.0,0.0,0.0
1.0,0.0,0.0
1.0,0.0,0.0
1.0,0.0,0.0
1.0,0.0,0.0
1.0,0.0,0.0
1.0,0.0,0.0
1.0,0.0,0.0
1.0,0.0,0.0
1.0,0.0,0.0
1.0,0.0,0.0
1.0,0.0,0.0
1.0,0.0,0.0
1.0,0.0,0.0
1.0,0.0,0.0
1.0,0.0,0.0
1.0,0.0,0.0
1.0,0.0,0.0
1.0,0.0,0.0
1.0,0.0,0.0
1.0,0.0,0.0
1.0,0.0,0.0
1.0,0.0,0.0
1.0,0.0,0.0
1.0,0.0,0.0
1.0,0.0,0.0
1.0,0.0,0.0
1.0,0.0,0.0
1.0,0.0,0.0
1.0,0.0,0.0
1.0,0.0,0.0
1.0,0.0,0.0
1.0,0.0,0.0
1.0,0.0,0.0
1.0,0.0,0.0
1.0,0.0,0.0
1.0,0.0,0.0
1.0,0.0,0.0
1.0,0.0,0.0
1.0,0.0,0.0
1.0,0.0,0.0
1.0,0.0,0.0
1.0,0.0,0.0
1.0,0.0,0.0
1.0,0.0,0.0
1.0,0.0,0.0
1.0,0.0,0.0
1.0,0.0,0.0
1.0,0.0,0.0
1.0,0.0,0.0
1.0,0.0,0.0
1.0,0.0,0.0
1.0,0.0,0.0
1.0,0.0,0.0
1.0,0.0,0.0
1.0,0.0,0.0
1.0,0.0,0.0
1.0,0.0,0.0
1.0,0.0,0.0
1.0,0.0,0.0
1.0,0.0,0.0
1.0,0.0,0.0
1.0,0.0,0.0
1.0,0.0,0.0
1.0,0.0,0.0
1.0,0.0,0.0
1.0,0.0,0.0
1.0,0.0,0.0
1.0,0.0,0.0
1.0,0.0,0.0
1.0,0.0,0.0
1.0,0.0,0.0
1.0,0.0,0.0
1.0,0.0,0.0
1.0,0.0,0.0
1.0,0.0,0.0
1.0,0.0,0.0
1.0,0.0,0.0
1.0,0.0,0.0
1.0,0.0,0.0
1.0,0.0,0.0
1.0,0.0,0.0
1.0,0.0,0.0
1.0,0.0,0.0
1.0,0.0,0.0
1.0,0.0,0.0
1.0,0.0,0.0
1.0,0.0,0.0
1.0,0.0,0.0
1.0,0.0,0.0
1.0,0.0,0.0
1.0,0.0,0.0
1.0,0.0,0.0
1.0,0.0,0.0
1.0,0.0,0.0
1.0,0.0,0.0
1.0,0.0,0.0
1.0,0.0,0.0
1.0,0.0,0.0
1.0,0.0,0.0
1.0,0.0,0.0
