278	325	330	778
290	439	615	656
279	327	343	765
279	331	551	765
32	634	926	944
202	229	745	923
327	340	703	765
522	699	907	909
320	584	760	835
145	166	403	930
61	252	557	810
68	150	178	902
228	578	586	901
96	156	254	686
62	130	319	603
385	629	663	922
85	227	507	716
360	411	529	905
73	110	814	916
360	411	538	905
107	211	290	656
87	91	154	925
60	565	572	776
185	232	261	427
107	287	290	656
620	634	932	944
28	868	869	905
287	290	338	615
88	149	242	489
358	394	408	896
287	290	615	656
246	480	681	687
149	242	489	512
65	126	148	922
31	620	932	944
76	81	251	909
61	203	472	810
69	102	179	905
31	482	932	965
103	370	489	529
179	489	529	683
242	246	480	687
338	439	615	795
201	209	316	515
292	347	720	746
275	331	577	742
290	338	439	615
317	515	575	694
67	899	900	902
64	136	153	671
95	575	601	772
358	424	503	907
304	463	659	789
303	572	720	776
153	455	671	708
280	339	435	764
856	894	896	934
862	884	897	964
358	503	519	907
451	629	899	922
404	460	495	909
171	393	518	524
394	453	519	907
236	479	481	675
90	453	485	896
164	448	898	902
85	477	670	716
87	401	402	925
85	87	142	477
216	244	310	909
503	522	699	907
552	596	728	902
33	34	878	926
155	604	670	808
67	140	899	902
155	604	808	903
448	646	802	898
152	623	685	823
265	352	523	710
187	318	335	674
88	470	480	616
275	337	346	742
330	583	759	778
63	144	249	903
31	482	620	932
301	348	727	781
866	883	913	914
448	543	838	925
195	463	679	782
195	679	738	782
37	38	869	928
340	476	784	797
170	454	467	804
124	194	315	452
191	449	570	593
60	195	304	789
306	368	585	637
282	554	719	724
124	194	452	816
227	231	649	798
109	301	348	674
130	471	603	753
233	471	637	815
212	584	602	760
125	126	259	385
209	323	406	606
188	286	582	727
227	649	716	798
212	320	584	760
301	348	660	781
97	632	900	922
161	345	724	827
180	228	578	734
95	567	575	772
586	640	754	901
195	320	738	782
850	910	945	946
699	907	908	909
320	556	760	835
281	292	609	746
320	556	580	782
303	549	568	720
190	195	679	738
210	303	549	568
121	217	267	560
295	300	561	566
599	618	916	919
329	550	563	722
112	313	341	590
47	97	100	914
122	125	226	901
323	574	606	807
119	204	215	506
381	599	916	919
309	349	648	790
170	375	454	689
315	434	568	817
32	33	492	926
281	303	568	746
66	103	183	837
311	458	741	833
81	138	464	680
269	470	598	920
385	450	629	901
233	252	306	637
309	349	651	790
32	492	634	926
130	374	603	753
288	327	343	812
124	452	651	816
203	658	796	829
130	217	233	753
233	471	753	815
192	224	285	444
23	418	688	897
459	618	915	918
233	560	753	815
528	531	839	915
130	233	471	753
98	174	191	570
217	233	560	753
387	475	911	926
850	858	878	945
128	137	242	512
291	294	580	735
21	610	688	896
485	610	688	896
79	257	693	825
177	475	634	804
398	904	912	917
293	329	740	774
367	527	948	959
80	264	509	621
96	185	243	702
137	149	370	512
80	509	621	672
475	492	634	926
339	435	574	606
22	888	896	897
876	921	933	962
495	614	682	909
12	848	877	929
131	171	244	909
44	859	881	930
111	193	314	564
25	412	950	959
78	80	509	672
503	522	705	907
60	292	303	776
139	240	248	908
459	618	669	915
367	412	950	959
345	719	724	827
74	235	255	919
63	140	164	898
86	896	906	907
114	341	510	771
599	618	831	916
74	255	918	919
532	818	826	924
137	232	613	704
39	273	932	949
257	421	487	825
143	177	634	932
134	904	912	917
261	372	427	704
133	910	911	912
98	196	302	805
170	264	375	501
284	725	751	830
64	181	378	685
219	294	426	813
196	302	751	805
19	851	906	939
98	174	570	770
330	429	583	759
170	375	454	501
85	477	507	710
98	284	302	553
95	280	289	756
98	302	553	805
94	167	169	943
21	22	888	896
62	130	223	603
85	227	670	716
7	632	846	931
40	858	932	945
35	36	874	910
198	212	291	438
230	608	626	695
147	391	395	504
103	179	489	529
600	632	900	914
285	444	593	641
632	846	914	931
109	198	643	811
190	288	343	812
405	533	908	921
356	491	908	909
355	421	917	918
121	214	747	763
117	444	642	752
18	849	872	906
818	826	911	924
0	868	895	948
451	466	663	922
448	490	802	898
46	97	169	953
64	152	181	685
409	546	647	920
400	533	908	935
232	378	427	613
280	558	713	793
183	367	484	837
39	882	932	949
184	367	414	484
367	948	950	959
60	303	572	776
424	503	699	907
161	282	345	724
186	196	290	439
288	327	703	812
198	438	594	643
341	569	591	697
180	218	228	578
298	729	730	733
198	438	643	811
83	84	259	500
862	897	958	964
848	925	927	952
135	248	906	907
60	253	292	776
116	314	608	766
296	371	723	787
181	185	232	378
14	15	852	933
353	459	669	915
493	520	537	910
897	936	958	964
43	250	904	930
34	850	878	946
417	493	537	910
94	169	943	953
42	157	258	910
200	350	628	654
362	398	417	904
11	12	877	929
89	147	391	396
307	339	624	757
203	300	809	829
851	879	896	939
552	571	788	902
96	185	427	702
381	383	599	919
443	618	915	916
55	56	894	934
408	478	610	896
44	855	881	947
864	948	950	959
124	136	592	597
400	415	424	906
875	921	935	961
143	620	634	804
92	179	360	683
26	412	707	959
16	875	935	961
99	100	182	914
405	524	908	921
166	403	930	947
144	155	808	903
19	851	872	906
851	879	894	896
68	902	913	937
911	926	945	946
851	872	906	938
403	420	904	954
213	313	447	654
128	129	256	923
849	872	906	938
90	93	159	896
213	221	313	654
137	512	613	704
68	173	913	914
263	397	505	668
343	384	679	812
197	204	215	506
0	37	868	905
314	608	766	833
294	426	735	744
68	99	100	914
68	100	173	914
300	561	796	829
207	305	349	639
128	261	372	704
271	344	638	745
66	103	370	837
282	463	659	736
197	307	339	757
79	354	693	825
265	352	523	526
121	587	747	763
314	608	626	833
86	90	453	896
48	49	866	937
93	159	896	934
849	872	873	938
66	184	322	484
207	479	639	662
226	899	901	903
155	490	604	670
404	518	644	909
338	582	615	795
197	339	574	757
92	102	162	920
23	483	691	897
184	414	465	936
59	280	293	793
95	289	326	819
206	589	755	762
344	576	638	745
216	236	310	675
197	206	307	757
109	301	318	674
108	350	419	653
118	224	228	617
274	428	718	767
437	690	748	903
600	900	913	914
0	58	864	948
184	367	414	936
848	877	925	929
0	868	905	948
197	323	574	807
64	185	373	378
405	491	533	908
58	862	890	958
0	864	895	948
307	432	624	757
183	367	834	837
356	400	533	908
728	900	902	913
248	907	908	909
113	528	531	915
47	865	889	914
356	491	533	908
596	728	902	913
230	314	608	626
385	652	663	922
363	538	707	905
460	495	682	909
251	380	907	909
404	495	542	909
848	871	880	952
97	388	547	922
115	123	206	762
319	627	808	903
54	849	873	938
11	361	410	929
115	562	579	639
22	23	688	897
312	916	919	924
56	856	888	941
129	229	246	844
77	134	255	917
143	170	177	804
81	380	488	676
459	618	711	918
1	36	362	904
192	444	449	752
527	905	948	963
64	373	708	823
519	611	705	907
259	386	395	500
431	748	898	903
467	475	804	911
383	456	534	919
856	879	894	896
451	629	663	922
357	420	521	917
25	26	895	959
29	30	870	920
77	245	257	917
88	246	480	616
321	445	916	924
25	864	895	959
257	421	917	918
84	89	245	392
310	479	675	682
90	138	382	497
257	421	487	917
82	460	505	644
281	434	609	746
235	241	312	924
64	153	671	708
21	879	896	939
87	401	477	838
275	326	337	820
94	943	951	953
125	385	386	450
128	372	687	923
398	420	904	917
79	257	421	918
90	152	158	379
84	391	392	693
156	210	243	549
214	432	747	763
156	243	549	702
81	310	676	909
96	156	243	702
48	866	883	914
300	561	809	829
64	152	153	708
571	728	900	902
294	426	650	813
94	97	147	388
8	600	846	914
403	930	947	954
331	346	759	794
82	216	460	909
381	599	630	916
451	571	706	900
212	291	438	785
451	571	788	900
423	546	905	920
173	900	902	913
67	173	900	902
155	227	670	808
342	558	563	731
104	228	734	832
144	227	319	808
91	448	838	925
57	72	175	897
196	290	439	750
239	559	787	801
63	226	899	903
161	317	345	827
277	325	555	784
294	426	430	744
208	236	263	397
187	288	340	476
43	157	250	904
80	241	272	924
33	858	878	926
111	200	311	458
94	97	169	953
202	344	442	576
110	116	314	608
66	181	322	514
29	869	870	920
111	311	458	833
325	551	555	784
380	522	678	909
74	916	918	919
398	420	511	917
245	357	487	499
41	258	262	967
228	376	586	901
75	133	177	911
218	228	578	901
74	222	915	918
74	222	238	915
130	319	374	603
93	896	897	941
333	550	740	783
479	614	676	909
61	180	557	792
279	325	551	784
228	578	586	734
285	296	371	761
383	532	818	924
357	420	904	917
171	393	518	526
498	511	912	917
400	906	907	908
194	315	434	452
216	236	263	397
82	171	352	644
224	444	469	617
70	91	154	925
77	145	245	917
63	172	226	899
277	279	325	784
459	498	711	918
381	383	919	924
147	391	396	504
197	204	506	589
174	285	570	761
197	204	206	589
293	692	740	774
341	510	569	697
355	357	521	917
145	357	403	904
84	245	392	693
88	149	179	489
355	357	487	917
291	294	650	735
229	271	745	844
430	661	686	923
188	277	548	797
59	308	329	563
145	357	403	499
33	492	845	926
186	188	277	548
337	554	721	819
129	229	525	844
134	255	912	917
274	324	332	428
337	554	742	743
129	525	681	687
82	460	644	909
60	565	776	789
600	632	706	900
156	210	260	549
229	525	745	844
299	449	569	821
107	211	299	591
124	592	597	843
299	341	569	591
367	545	936	950
389	390	498	919
158	465	897	936
92	146	269	920
11	853	877	942
209	215	323	406
323	406	606	807
339	574	624	757
292	347	720	776
107	299	341	591
119	194	316	657
381	383	532	924
276	298	729	733
295	561	730	733
211	299	591	821
212	584	602	799
324	332	428	791
299	569	591	821
381	445	916	924
401	543	838	925
266	479	662	676
216	460	675	682
207	236	479	481
321	445	824	924
156	254	430	686
78	80	271	672
877	925	929	942
87	142	477	838
361	401	416	925
181	322	514	685
117	220	234	645
55	894	934	957
211	290	446	750
127	208	267	777
189	324	332	791
324	717	726	791
205	368	585	731
189	196	324	625
41	42	258	967
82	85	171	352
552	571	728	902
600	696	728	913
205	368	731	758
343	384	573	679
13	416	925	929
448	544	902	925
142	155	490	670
324	336	717	726
171	352	518	644
552	646	748	898
68	178	902	937
394	453	896	907
356	495	542	909
358	424	906	907
330	583	718	778
194	452	633	816
209	406	515	601
109	348	602	643
544	902	925	937
281	434	633	636
431	604	898	903
161	317	347	827
860	921	955	966
448	552	596	902
220	234	461	645
328	441	721	756
94	97	388	667
76	131	244	909
24	25	890	950
199	300	561	809
156	430	549	686
271	369	745	844
143	689	847	920
396	886	940	960
258	262	910	967
87	401	477	496
176	429	692	743
292	303	720	776
266	488	662	676
346	429	743	794
362	398	420	904
396	517	940	960
232	427	613	704
161	347	724	827
118	536	617	665
81	380	488	680
118	228	536	617
128	129	246	687
190	275	304	786
118	469	617	665
358	394	519	907
16	17	875	935
71	101	183	367
158	184	465	936
96	185	261	427
153	455	497	708
283	442	576	780
202	283	576	813
475	634	926	945
110	445	695	814
96	254	261	427
420	511	521	917
161	347	659	724
123	677	698	762
42	258	910	967
121	560	587	815
67	140	172	899
199	368	722	758
437	754	901	903
137	232	261	704
88	92	470	683
936	950	958	964
49	50	70	956
121	306	587	815
466	547	632	922
3	4	886	940
257	487	693	825
227	374	716	798
600	632	846	914
1	362	420	904
247	432	749	775
341	590	697	771
409	457	714	920
1	420	904	954
457	470	541	920
457	598	847	920
213	443	447	915
62	223	588	732
180	557	588	792
98	191	211	800
211	446	800	821
525	605	661	923
326	337	554	819
111	193	311	564
202	576	612	745
269	375	509	598
86	453	486	611
276	729	767	783
60	260	572	768
60	565	744	768
358	896	906	939
201	292	609	694
260	303	549	572
140	898	899	902
193	442	564	766
112	114	341	771
86	453	896	907
120	202	229	923
185	378	673	702
71	527	834	905
363	423	546	905
343	384	573	577
325	331	551	759
503	519	705	907
603	627	803	903
63	140	898	899
117	220	468	645
451	788	899	900
890	950	958	964
331	577	742	794
95	339	435	606
86	138	486	611
155	604	898	903
138	153	455	497
95	435	606	772
177	475	804	911
227	670	716	808
280	435	713	764
107	313	341	697
95	567	575	719
209	215	406	822
75	133	270	911
208	397	440	698
62	588	732	903
848	877	893	925
86	138	251	611
170	454	467	701
92	269	470	920
223	233	471	637
138	251	611	680
267	677	747	769
81	138	251	680
279	551	765	784
246	369	681	844
277	278	336	555
89	391	392	396
81	138	153	968
288	340	476	703
431	604	646	898
63	155	164	898
138	464	486	664
126	226	899	901
218	226	228	901
269	470	598	616
90	158	366	897
83	500	631	693
60	253	304	789
140	164	898	902
228	536	734	832
117	468	469	645
200	221	350	654
138	464	486	680
578	754	901	903
304	463	679	786
275	282	736	786
275	282	304	786
61	104	296	666
138	486	611	680
307	334	339	624
79	354	622	825
180	578	588	792
108	286	297	660
56	854	888	941
267	440	769	777
315	434	452	817
114	351	510	752
25	864	950	959
282	304	463	659
209	406	515	822
329	550	740	774
199	368	722	809
292	347	609	694
107	211	591	656
98	196	750	805
54	139	938	966
120	219	254	923
13	416	530	925
186	188	548	795
95	601	606	772
253	347	659	776
139	906	938	966
283	291	438	650
200	458	653	660
277	548	784	797
394	408	478	896
61	203	252	810
153	455	462	709
60	195	782	789
235	255	912	919
294	580	735	744
275	331	343	577
69	103	183	834
153	225	462	709
247	432	749	763
95	323	339	606
63	155	898	903
281	315	434	568
153	225	709	968
473	534	911	912
311	564	594	741
253	659	776	789
71	527	905	948
868	895	948	963
394	453	478	896
453	478	485	896
187	188	277	797
67	97	163	922
207	479	481	639
205	308	563	758
388	466	652	922
247	585	731	749
26	27	895	963
629	635	899	901
137	370	512	613
131	240	248	908
199	368	737	809
848	893	925	927
848	880	893	927
53	139	955	966
236	397	481	675
1	36	892	904
398	417	904	910
2	359	413	954
334	339	624	764
82	352	474	507
216	397	460	675
57	854	862	897
83	386	500	631
141	160	165	921
280	334	339	764
29	546	905	920
73	74	312	916
92	146	162	920
90	152	379	497
246	480	616	681
280	435	713	756
23	854	888	897
544	925	937	942
23	854	884	897
90	366	382	485
854	888	897	941
66	484	514	837
46	857	943	953
339	435	574	764
306	585	587	815
240	921	955	966
143	620	689	804
58	864	948	958
199	205	368	758
207	266	479	662
851	873	938	957
86	90	159	896
20	21	879	939
614	676	678	909
70	91	925	937
53	54	139	966
868	905	948	963
86	896	906	957
404	491	524	909
236	397	481	698
87	91	838	925
14	852	871	952
117	224	444	469
479	614	682	909
544	596	902	913
443	618	831	916
212	318	602	799
376	450	712	901
161	253	292	347
421	840	915	918
54	873	938	957
571	600	706	900
337	554	721	743
232	261	427	704
400	424	906	907
79	222	257	918
216	460	682	909
194	281	434	633
194	281	316	633
851	872	873	938
27	868	895	963
152	379	497	708
92	360	905	920
133	151	911	945
95	567	719	819
910	911	945	946
313	447	697	836
618	711	918	919
120	254	256	923
64	373	378	685
202	283	442	576
116	193	344	766
110	445	814	916
80	377	607	824
197	215	323	807
87	265	402	496
289	328	721	756
355	511	521	917
95	289	567	756
46	169	943	953
243	433	592	817
95	289	567	819
221	313	350	654
399	498	511	912
451	466	706	900
139	240	955	966
220	354	461	631
70	91	178	937
144	155	227	808
220	468	631	645
180	223	557	588
65	126	899	922
326	554	719	819
228	536	617	832
126	148	259	385
44	166	947	960
337	346	742	743
87	141	265	402
67	97	900	922
84	259	395	500
139	906	908	966
27	868	905	963
8	600	913	914
125	385	450	901
203	239	300	796
49	866	887	937
284	295	298	730
225	309	651	790
285	371	617	641
199	295	308	561
187	340	476	797
380	522	907	909
317	575	694	827
332	428	751	830
152	322	623	685
864	948	950	958
275	573	736	820
37	869	905	928
66	370	514	837
62	218	249	903
97	147	388	922
196	439	625	750
207	349	639	662
136	373	671	673
19	20	851	939
309	349	648	662
81	266	488	841
225	464	595	841
227	507	649	716
298	332	428	830
90	366	379	497
89	94	147	396
245	392	487	693
57	101	175	958
127	208	263	668
465	483	691	897
298	428	730	830
284	725	730	830
254	261	427	923
87	141	165	402
191	192	299	449
192	299	449	752
110	230	695	814
525	605	612	923
266	488	648	841
230	626	695	814
68	173	902	913
45	857	886	943
64	136	373	671
445	532	824	924
265	496	523	710
381	445	532	924
17	18	849	906
364	393	405	921
131	132	240	921
306	585	587	763
74	915	916	918
381	445	814	916
7	8	846	931
245	257	487	693
788	898	899	902
618	915	916	918
165	921	933	962
247	342	749	775
788	899	900	902
186	548	773	828
86	135	906	907
143	177	634	804
88	269	470	616
299	449	569	752
280	441	713	756
290	439	446	750
298	428	729	730
141	265	393	402
186	625	717	773
284	298	332	830
189	324	625	791
288	476	584	703
326	337	554	820
293	441	692	774
247	306	585	763
282	326	554	719
280	293	441	793
223	471	603	806
233	306	637	815
59	329	563	774
61	472	792	810
59	563	774	793
276	333	767	783
60	291	294	580
198	283	291	438
284	295	300	566
215	406	506	807
121	214	267	747
95	345	575	719
277	555	784	828
196	625	751	805
209	406	601	606
215	323	406	807
204	506	562	739
205	342	563	731
109	348	643	842
174	285	296	761
174	296	723	761
278	555	718	778
95	317	345	575
108	419	540	653
60	291	320	580
201	609	636	694
202	229	344	745
34	878	926	946
92	179	360	905
81	225	266	841
280	558	713	764
247	334	342	775
849	875	891	966
225	266	648	841
95	209	317	575
87	91	142	838
282	326	345	719
274	298	428	729
242	489	512	687
129	525	681	844
427	661	686	923
276	550	729	783
239	300	566	796
322	484	623	685
96	254	427	686
276	333	550	783
381	916	919	924
289	567	721	756
356	495	699	909
207	236	310	479
284	295	566	730
849	906	935	966
266	488	648	662
225	462	595	709
176	337	346	743
161	292	317	347
204	562	589	762
225	595	648	841
849	906	938	966
11	410	929	942
98	553	570	800
199	295	300	561
189	196	625	751
97	147	163	922
284	553	725	770
56	57	854	941
282	554	724	736
152	379	708	823
188	335	727	797
198	212	438	811
246	271	369	844
78	369	509	672
116	436	638	766
109	198	212	811
119	194	309	816
207	481	579	639
208	440	668	777
85	171	265	352
160	921	955	962
329	550	722	733
223	233	252	637
119	194	657	816
401	416	530	925
317	347	694	827
31	867	932	944
388	466	547	922
870	920	928	949
88	92	179	683
37	868	869	905
27	363	707	905
387	513	911	926
132	160	240	921
209	317	515	575
473	513	520	911
95	209	575	601
97	388	547	667
858	878	926	945
4	5	886	951
634	926	944	945
389	456	618	919
387	473	534	911
437	635	899	901
387	492	513	926
8	846	914	931
282	345	719	724
291	438	650	785
331	551	577	759
303	568	720	746
165	402	502	925
336	717	726	828
87	401	838	925
82	216	244	909
265	402	496	523
171	265	393	526
171	524	908	909
127	208	668	777
214	267	677	747
850	878	945	946
126	148	385	922
2	859	881	954
158	175	184	936
313	350	447	836
332	428	751	791
274	324	428	726
98	211	750	800
188	548	582	795
107	108	419	836
57	862	897	958
329	333	550	740
57	58	862	958
466	632	900	922
62	603	627	903
325	551	555	778
117	118	224	469
23	24	884	964
174	570	723	761
187	318	476	674
333	429	583	740
115	562	579	762
853	925	937	956
115	207	305	639
136	597	671	673
79	113	622	915
404	491	542	909
81	488	680	841
414	465	545	936
125	126	226	901
76	81	310	909
856	888	896	941
207	309	349	662
405	491	524	908
748	788	898	899
52	860	955	962
115	207	579	639
184	414	465	484
16	860	875	961
466	632	706	900
147	148	163	922
437	899	901	903
98	553	570	770
174	570	723	770
196	625	750	805
98	196	211	750
400	415	422	906
225	462	595	651
400	422	533	935
618	916	918	919
124	315	452	817
133	270	911	912
389	618	711	919
146	162	273	920
376	586	640	901
18	415	422	906
17	849	906	935
578	586	754	901
328	441	692	721
880	927	952	962
75	270	911	924
341	510	697	771
30	482	647	920
3	517	940	947
41	850	858	945
313	350	447	654
90	382	453	485
35	850	874	910
225	309	648	790
23	418	483	897
44	45	855	960
69	71	102	905
133	134	258	910
142	477	490	670
260	430	549	572
858	926	944	945
283	442	594	780
40	41	858	945
32	858	926	944
399	473	520	912
219	294	426	430
185	232	378	427
42	861	904	910
0	71	905	948
43	44	859	930
274	428	729	767
176	333	429	740
273	932	949	965
308	329	722	733
390	473	534	912
534	818	911	924
201	281	316	636
95	435	567	772
202	344	576	745
457	470	598	920
188	548	727	797
387	475	492	926
17	849	875	935
60	565	572	768
862	890	958	964
24	862	890	964
139	240	908	966
852	880	952	962
240	908	921	966
215	406	506	822
119	204	506	739
393	405	524	921
201	316	515	636
23	884	897	964
388	395	652	922
451	899	900	922
2	881	947	954
450	629	712	901
228	376	536	586
130	223	471	603
252	557	737	810
124	452	592	817
281	316	633	636
81	225	464	841
366	418	485	897
346	742	743	794
9	684	696	913
124	309	651	816
10	11	887	942
81	153	225	968
869	870	920	928
353	839	840	915
848	880	927	952
8	9	883	913
9	866	883	913
61	104	180	792
61	180	223	557
69	71	834	905
293	441	774	793
69	529	834	905
282	659	724	736
308	563	722	758
108	200	350	653
485	688	896	897
96	156	686	702
136	592	597	673
64	373	671	708
478	485	610	896
32	858	867	944
482	920	932	965
92	360	470	920
109	301	348	842
129	229	525	923
412	527	707	959
101	183	184	367
30	31	482	965
544	902	913	937
152	181	322	685
11	853	887	942
361	925	929	942
852	871	880	952
355	459	840	918
91	164	448	902
13	848	871	952
149	370	489	512
229	246	271	844
437	635	640	901
69	103	179	529
1	2	859	954
143	146	273	920
112	531	590	915
63	226	249	903
133	258	262	910
853	887	937	942
409	647	714	920
361	544	925	942
353	443	669	915
482	620	689	920
79	113	222	915
3	855	886	940
396	886	940	951
165	502	925	952
117	192	444	752
2	3	881	947
113	234	528	531
887	913	937	942
358	407	424	906
112	113	531	915
21	856	879	896
310	479	682	909
136	243	592	673
135	248	268	907
498	711	918	919
248	906	907	908
21	856	888	896
122	228	376	901
135	139	168	906
273	920	932	965
86	135	168	906
30	482	920	965
13	14	871	952
24	862	884	964
158	366	465	897
854	862	884	897
78	264	269	509
53	54	891	966
109	297	301	842
143	620	634	932
544	596	684	913
78	269	509	616
219	260	294	430
37	71	102	905
92	360	470	683
411	538	707	905
360	470	541	920
38	869	870	928
54	168	938	957
860	921	955	962
860	875	921	966
301	348	660	842
356	491	542	909
112	113	238	915
77	157	250	904
127	130	231	798
24	545	950	964
387	467	475	911
77	134	904	917
77	134	157	904
122	226	228	901
64	136	185	373
124	452	651	843
131	240	908	921
128	242	246	687
92	102	179	905
121	217	233	560
52	160	955	962
6	667	931	953
48	865	883	914
69	179	529	905
23	691	897	964
482	689	714	920
143	620	689	920
302	553	751	805
179	360	529	683
183	184	367	484
66	137	181	514
179	360	529	905
25	864	890	950
203	472	658	810
109	318	602	674
190	275	573	786
190	573	679	786
127	231	581	798
198	643	741	842
190	288	738	812
333	583	740	783
181	378	514	685
629	899	901	922
495	522	699	909
275	282	736	820
104	296	666	832
43	861	892	904
292	347	609	746
131	171	908	921
133	910	911	945
86	135	251	907
227	231	507	649
491	524	908	909
130	227	231	798
85	477	507	716
227	374	716	808
63	144	155	903
140	150	164	902
207	305	309	349
156	260	430	549
43	859	892	904
544	913	937	942
552	788	898	902
282	326	554	820
10	887	913	942
473	520	911	912
50	880	893	927
882	932	949	965
77	145	250	904
906	908	935	966
59	205	342	563
98	284	553	770
301	318	335	674
241	312	321	924
312	321	916	924
188	286	335	727
908	921	935	966
123	208	236	698
208	267	440	777
323	339	574	606
62	180	588	903
63	140	172	899
62	319	603	627
119	305	309	349
273	920	949	965
45	855	886	960
79	220	234	354
220	234	354	461
78	88	246	616
80	241	321	924
110	321	445	916
199	308	722	758
306	585	637	815
199	205	308	758
234	354	461	528
135	251	268	907
113	528	622	915
12	13	416	929
849	875	935	966
95	280	339	435
125	237	259	386
95	280	435	756
211	446	591	656
176	293	328	692
342	558	563	793
211	446	591	821
60	565	580	782
267	440	677	769
121	267	560	747
296	371	723	761
239	559	796	801
267	560	747	769
211	290	446	656
296	371	666	787
60	320	580	782
279	325	331	551
228	536	586	734
278	325	555	778
60	195	320	782
895	948	959	963
60	565	580	744
59	293	774	793
280	441	713	793
276	295	308	733
276	308	329	733
189	284	302	751
212	438	760	811
327	343	384	812
60	294	580	744
212	438	760	785
870	882	949	965
65	126	172	899
604	646	802	898
353	531	590	915
114	234	531	655
220	461	631	645
75	272	911	924
148	259	385	395
71	367	527	834
71	183	367	834
113	222	238	915
186	196	324	625
36	362	417	904
399	493	520	910
134	904	910	912
36	861	904	910
22	23	888	897
194	434	452	633
171	524	908	921
201	515	636	694
858	932	944	945
210	260	303	549
322	484	514	685
171	352	518	526
297	301	660	842
289	326	337	819
176	346	429	743
308	329	563	722
289	567	721	819
212	288	320	584
171	265	352	526
324	625	717	791
327	384	703	812
186	324	625	717
404	460	644	909
277	336	555	828
290	439	446	656
236	310	479	675
197	206	589	757
90	93	158	897
266	309	648	662
90	485	896	897
90	93	896	897
398	417	493	910
79	245	257	693
870	920	949	965
274	278	330	718
186	277	548	828
187	476	674	797
275	282	326	820
84	391	500	693
224	285	617	832
274	298	332	428
104	224	285	832
77	222	255	918
117	444	469	642
84	391	395	500
30	870	882	965
104	224	228	832
748	898	899	903
89	245	392	499
193	202	283	442
30	870	920	965
77	222	257	918
115	204	562	762
180	578	588	903
115	562	639	739
115	305	639	739
223	252	557	637
528	622	839	915
130	223	233	471
61	472	666	801
109	198	297	842
292	317	347	694
152	184	322	623
176	337	721	743
152	379	623	823
101	367	936	950
115	119	305	739
185	378	427	702
184	322	484	623
176	293	333	740
330	333	429	583
367	414	545	936
495	614	678	909
176	330	333	429
333	583	767	783
274	276	333	767
23	24	691	964
116	436	608	766
8	865	889	914
116	344	638	766
399	520	910	912
398	904	910	912
39	870	882	949
281	292	303	746
527	529	834	905
29	869	905	920
74	222	255	918
372	525	687	923
65	67	172	899
254	256	261	923
857	943	951	953
117	118	237	468
219	426	430	605
260	430	572	768
366	465	483	897
64	152	685	823
253	292	347	776
64	152	708	823
184	465	484	623
153	455	462	671
152	153	497	708
90	366	485	897
126	172	226	899
24	890	950	964
117	118	468	469
466	652	663	922
118	237	450	468
107	619	697	836
83	220	354	631
110	230	314	608
110	116	436	608
83	84	500	693
108	221	313	350
186	188	338	795
107	591	619	656
95	435	567	756
288	318	476	799
212	602	760	811
128	137	261	704
88	179	489	683
88	480	489	683
355	459	498	918
431	646	748	898
878	926	945	946
85	155	227	670
62	319	627	903
82	85	352	507
66	137	370	514
107	341	591	697
108	286	287	540
137	370	514	613
390	498	912	919
129	525	687	923
103	149	179	489
112	213	238	915
74	238	915	916
73	74	238	916
110	230	608	695
252	557	637	737
65	148	163	922
121	560	587	747
101	948	950	958
83	237	259	386
310	479	676	909
860	876	921	961
355	421	840	918
207	266	309	662
15	16	876	961
274	276	298	729
161	282	659	724
161	282	304	659
89	392	396	499
87	165	402	925
421	622	840	915
227	319	374	808
144	319	808	903
381	630	814	916
242	480	489	687
83	354	631	693
78	80	264	509
129	246	681	687
79	421	622	915
275	337	742	820
275	343	573	577
516	532	826	924
210	281	315	568
206	677	755	762
26	895	959	963
120	129	256	923
116	193	314	766
198	594	643	741
294	426	650	735
123	214	267	677
571	600	728	900
275	573	742	820
334	624	764	775
280	342	558	764
516	532	824	924
195	304	463	679
282	304	463	786
278	330	718	778
208	267	440	677
123	208	267	677
159	896	934	957
342	558	731	749
214	247	432	763
280	328	441	756
55	159	934	957
9	10	887	913
894	896	934	957
78	88	269	616
283	438	650	780
158	379	465	623
274	278	324	726
203	252	737	810
60	253	776	789
269	598	847	920
274	278	718	726
269	509	598	616
9	866	887	913
398	399	511	912
137	181	232	613
137	181	514	613
431	604	627	903
319	374	603	627
223	471	557	806
181	232	378	613
187	188	335	797
318	476	674	799
187	335	674	797
181	378	514	613
117	351	642	752
7	8	889	931
283	291	294	650
101	184	367	936
188	548	582	727
77	255	917	918
57	175	897	958
284	298	730	830
58	101	948	958
69	71	183	834
300	561	566	796
32	33	858	926
61	223	252	557
219	254	430	923
219	430	605	923
64	181	185	378
101	175	936	958
866	887	913	937
398	399	493	910
42	43	861	904
120	202	219	923
36	861	892	904
175	897	936	958
42	861	874	910
467	701	826	911
34	35	850	946
24	545	691	964
264	375	501	621
137	149	242	512
264	375	509	621
94	388	504	667
357	403	420	904
101	367	948	950
133	134	235	912
205	247	306	585
214	307	432	757
214	432	755	757
206	214	307	757
390	399	473	912
202	612	745	923
206	214	755	757
78	246	271	369
132	141	160	921
48	866	914	937
866	913	914	937
39	867	882	932
47	48	865	914
8	865	883	914
225	462	651	843
27	707	905	963
110	377	608	695
36	861	874	910
200	221	230	654
26	707	959	963
117	351	642	645
223	471	557	637
121	306	587	763
76	244	310	909
97	547	632	931
89	94	396	960
47	889	914	931
68	150	173	902
684	696	728	913
79	222	915	918
264	269	375	509
88	92	269	470
869	905	920	928
387	473	513	911
50	51	880	927
353	531	839	915
124	136	225	597
87	154	165	925
8	883	913	914
77	257	917	918
361	543	544	925
124	225	597	843
72	93	897	941
495	522	678	909
534	912	919	924
482	647	714	920
527	707	959	963
107	591	619	697
176	429	692	740
239	559	566	796
98	553	750	805
98	553	750	800
459	840	915	918
111	311	564	833
190	343	573	679
225	462	597	843
114	531	655	771
72	93	158	897
194	633	657	816
114	351	655	771
208	236	397	698
201	209	317	515
209	515	575	601
201	317	515	694
79	257	421	825
214	247	307	432
112	341	590	771
191	449	800	821
8	889	914	931
72	158	175	897
176	289	337	721
437	690	754	903
85	142	477	670
136	185	243	673
127	581	668	777
516	607	701	924
124	225	309	651
121	214	247	763
73	110	321	916
129	246	681	844
136	185	373	673
860	876	921	962
121	247	306	763
202	219	612	813
253	304	659	789
161	253	304	659
60	565	782	789
42	850	910	967
110	377	436	608
359	403	420	954
539	547	632	931
134	235	255	912
262	910	945	967
281	434	568	746
41	42	850	967
850	910	945	967
280	334	342	764
118	228	376	536
274	583	718	767
190	343	679	812
275	573	736	786
490	604	802	898
190	195	288	738
186	439	773	795
79	83	245	693
83	84	245	693
104	666	734	832
79	83	354	693
133	235	270	912
79	83	220	354
128	129	687	923
94	943	951	960
97	547	667	931
276	550	729	733
599	630	831	916
295	308	561	733
308	561	722	733
383	456	599	919
62	144	249	903
62	144	319	903
1	2	359	954
604	627	808	903
94	396	951	960
187	288	318	476
5	857	886	951
331	346	742	794
117	469	642	645
114	351	510	771
199	203	252	737
118	224	469	617
114	192	299	752
857	886	943	951
108	200	221	350
117	192	224	444
107	419	619	836
13	848	925	952
539	547	667	931
261	372	427	923
142	155	490	898
65	67	163	922
254	427	686	923
101	175	184	936
245	357	487	917
39	40	867	932
116	271	344	638
231	581	649	798
376	640	712	901
313	341	590	697
109	348	602	674
318	602	674	799
313	447	590	697
79	421	915	918
186	336	717	828
3	855	881	947
80	110	116	436
116	436	638	672
372	427	661	923
56	856	894	934
116	271	638	672
49	853	893	956
138	152	153	497
57	854	897	941
80	116	436	672
20	851	879	939
279	327	340	765
80	116	271	672
59	293	329	774
293	328	441	692
274	276	729	767
49	50	893	956
527	707	905	963
331	551	577	765
197	574	589	757
600	728	900	913
48	99	182	914
330	331	346	759
180	578	734	792
156	549	686	702
185	243	673	702
243	433	673	702
124	136	243	592
64	373	685	823
124	194	309	816
390	534	912	919
176	330	346	429
134	157	904	910
185	373	378	673
254	430	686	923
96	427	686	702
83	259	386	500
277	278	325	555
131	171	908	909
255	912	917	918
52	860	876	962
234	461	645	655
210	281	303	568
325	330	759	778
119	506	657	739
346	429	759	794
305	349	639	739
95	209	323	606
95	209	601	606
197	323	339	574
330	346	429	759
89	145	245	499
355	421	487	917
245	257	487	917
122	376	450	901
67	97	173	900
329	550	563	774
145	357	904	917
112	531	590	771
52	160	165	962
47	863	889	931
396	504	508	951
77	145	904	917
245	392	487	499
247	585	749	763
274	428	718	726
276	329	333	550
293	329	333	740
274	333	583	767
203	472	658	796
205	306	368	585
295	561	566	730
292	303	720	746
80	377	436	700
60	260	303	572
199	205	306	368
80	377	607	700
109	198	643	842
190	304	679	786
282	463	736	786
59	205	308	563
276	329	550	733
199	252	368	737
204	506	562	589
229	271	344	745
294	430	744	768
260	294	430	768
80	110	377	436
206	589	755	757
115	204	206	762
372	525	661	923
199	252	306	368
252	368	637	737
431	627	803	903
62	180	223	588
196	211	290	750
188	338	582	795
62	603	732	903
78	271	369	672
92	102	905	920
231	474	581	649
231	474	581	668
186	548	773	795
85	265	352	710
85	352	507	710
87	401	402	496
252	306	368	637
311	564	741	833
61	104	666	792
288	476	584	799
61	472	666	792
277	548	784	828
266	310	479	676
216	236	397	675
86	251	611	907
138	455	497	664
296	371	666	832
186	717	773	828
145	250	904	930
89	396	499	517
622	839	840	915
128	137	512	704
269	375	598	847
128	372	512	687
324	428	726	791
128	242	512	687
88	470	480	683
278	555	718	726
28	29	869	905
26	27	707	963
54	55	168	957
176	692	721	743
27	28	363	905
103	149	370	489
66	137	149	370
31	32	867	944
168	906	938	957
336	555	726	828
603	732	803	903
588	732	779	903
205	563	731	758
203	658	737	810
211	446	750	800
552	748	788	898
97	667	931	953
6	7	889	931
66	103	149	370
596	684	728	913
520	910	911	912
278	324	336	726
331	577	759	794
186	277	336	828
190	275	343	573
98	174	284	770
284	559	725	770
189	625	751	791
53	160	240	955
234	528	531	655
284	559	566	725
456	599	618	919
230	626	628	814
160	240	921	955
520	910	911	946
180	218	578	903
431	690	779	903
629	635	712	901
431	690	748	903
534	911	912	924
134	157	258	910
213	443	447	654
133	134	910	912
63	898	899	903
158	175	897	936
635	640	712	901
319	374	627	808
6	539	667	931
216	310	682	909
52	53	860	955
400	424	699	907
283	294	650	813
316	633	657	822
78	369	509	616
81	380	676	909
248	268	907	909
225	464	595	709
418	485	688	897
45	167	943	960
383	534	818	924
359	403	413	954
207	266	310	479
124	225	651	843
177	475	911	945
363	423	538	905
66	322	484	514
27	28	868	905
28	29	546	905
38	39	870	949
40	858	867	932
38	870	928	949
851	896	906	939
853	877	893	925
125	126	385	901
49	853	887	937
864	895	948	959
358	407	906	939
45	46	169	943
859	904	930	954
527	948	959	963
53	860	955	966
409	423	541	920
17	18	422	906
30	31	882	965
409	423	546	920
54	849	938	966
881	930	947	954
851	894	896	957
42	850	874	910
860	875	891	966
403	904	930	954
194	316	633	657
28	363	546	905
53	860	891	966
199	203	300	809
214	432	677	755
55	159	168	957
15	852	876	933
70	925	937	956
8	600	696	913
571	788	900	902
126	899	901	922
51	52	852	962
51	880	927	962
131	132	171	921
132	141	171	921
361	410	544	942
1	359	420	954
6	863	889	931
6	863	931	953
6	667	951	953
165	927	952	962
398	399	910	912
271	369	638	745
214	432	677	747
389	456	534	919
451	629	635	899
97	632	900	914
859	881	930	954
147	388	395	504
504	508	667	951
389	390	534	919
13	502	925	952
165	933	952	962
193	198	311	594
51	165	927	962
173	900	913	914
193	283	442	594
6	508	667	951
6	885	951	953
193	202	344	442
193	198	283	594
193	311	564	594
5	6	508	951
5	857	885	951
280	289	328	756
147	148	259	395
235	912	919	924
387	534	818	911
193	442	564	594
387	467	826	911
390	399	498	912
437	748	899	903
204	206	589	762
189	196	302	751
203	658	809	829
142	477	490	838
199	203	737	809
85	142	155	670
115	204	562	739
115	119	204	739
203	658	737	809
853	893	925	956
45	46	857	943
47	863	931	953
94	147	396	504
4	886	940	951
50	154	927	956
119	215	506	657
448	543	544	925
853	877	925	942
90	138	152	497
215	506	657	822
90	366	382	497
119	215	316	657
215	316	657	822
81	251	380	909
380	676	678	909
409	457	541	920
259	385	386	395
170	264	269	375
284	566	725	730
124	452	592	843
69	103	529	834
103	370	529	834
103	370	834	837
103	183	834	837
234	461	528	655
112	114	531	771
156	219	260	430
156	219	254	430
243	433	592	673
243	433	549	702
113	114	234	531
112	113	114	531
229	525	745	923
335	674	727	797
525	612	745	923
430	605	661	923
128	372	512	704
82	352	505	644
141	171	265	393
404	518	524	909
437	640	754	901
437	451	788	899
353	459	840	915
437	451	635	899
65	67	899	922
176	293	692	740
126	385	901	922
59	342	563	793
97	547	632	922
437	748	788	899
108	287	419	540
287	338	582	615
451	466	900	922
191	211	800	821
108	350	419	836
279	331	343	765
188	286	287	582
188	287	338	582
205	247	585	731
225	595	651	790
84	89	391	392
117	220	237	468
225	595	648	790
309	349	651	816
225	266	309	648
81	464	680	841
291	650	735	785
195	288	320	738
288	584	738	812
109	212	318	602
857	885	951	953
278	336	555	726
46	863	885	953
190	195	304	679
84	89	147	391
340	476	703	784
46	857	885	953
396	886	951	960
342	558	749	775
165	502	933	952
186	324	336	717
84	147	391	395
189	332	751	791
158	184	465	623
90	158	366	379
389	498	711	919
133	151	177	911
84	147	259	395
152	158	379	623
158	366	379	465
193	314	564	766
152	158	184	623
154	925	927	956
271	369	638	672
67	899	900	922
94	147	388	504
122	125	450	901
385	629	901	922
206	214	677	755
255	912	918	919
45	167	169	943
216	310	675	682
282	554	736	820
407	415	424	906
61	557	792	810
443	618	669	915
203	300	796	829
13	14	502	952
107	108	287	419
230	628	630	814
143	620	920	932
356	400	699	908
287	419	540	615
285	570	593	761
104	666	734	792
387	818	826	911
170	177	804	911
98	191	570	800
339	574	624	764
280	293	328	441
289	337	721	819
191	449	570	800
191	285	570	593
174	191	285	570
275	331	346	742
190	679	738	812
275	573	577	742
120	129	229	923
202	219	294	813
231	474	507	649
202	283	294	813
344	442	576	638
202	576	612	813
398	511	912	917
270	911	912	924
888	896	897	941
366	418	483	897
36	417	904	910
36	417	537	910
401	402	530	925
361	401	543	925
112	213	590	915
50	70	154	956
402	502	530	925
85	227	231	507
130	374	753	798
265	393	402	523
213	447	590	915
265	393	523	526
405	494	533	921
107	108	313	836
82	352	474	505
235	270	912	924
400	699	907	908
411	527	707	905
107	313	697	836
411	527	529	905
286	287	540	582
287	540	582	615
286	540	582	781
108	313	350	836
325	330	331	759
320	556	738	782
91	178	902	937
104	180	734	792
104	180	228	734
236	481	579	698
91	902	925	937
94	667	951	953
31	867	882	932
325	551	759	778
201	292	317	694
337	554	742	820
303	549	572	720
288	327	340	703
288	584	703	812
448	544	596	902
74	312	916	919
86	159	896	957
380	522	705	907
235	241	270	924
194	281	315	434
320	556	738	835
73	312	321	916
79	421	622	825
235	312	919	924
356	699	908	909
161	253	347	659
74	235	312	919
125	259	385	386
239	284	300	566
498	912	917	918
239	284	559	566
498	912	918	919
119	305	349	739
197	215	506	807
201	281	292	609
281	434	609	636
119	349	657	739
201	281	609	636
340	703	765	784
327	343	384	765
198	311	594	741
29	546	647	920
327	384	703	765
279	340	765	784
277	279	340	784
443	630	831	916
443	630	654	916
191	444	449	593
191	192	444	449
191	285	444	593
191	192	285	444
171	518	524	909
171	518	644	909
364	405	494	921
364	494	921	961
186	290	338	439
186	338	439	795
223	557	732	806
223	557	588	732
91	142	164	448
142	448	490	898
91	142	448	838
142	448	490	838
448	552	898	902
448	552	646	898
62	223	603	732
223	603	732	806
82	231	474	507
82	85	231	507
317	345	575	827
345	575	719	827
301	348	674	727
301	335	674	727
88	242	480	489
88	242	246	480
492	513	845	926
475	911	926	945
170	454	607	701
170	454	501	607
170	272	607	701
344	442	638	766
193	344	442	766
52	852	876	962
160	165	921	962
143	170	689	804
170	454	689	804
18	407	415	906
18	19	872	906
109	212	602	811
109	602	643	811
200	350	628	653
200	458	628	653
60	260	294	768
60	294	744	768
213	443	654	916
213	443	915	916
73	213	238	916
213	238	915	916
284	553	725	751
284	302	553	751
285	371	593	641
285	371	593	761
117	234	645	655
117	351	645	655
114	117	234	655
114	117	351	655
16	494	935	961
364	494	535	961
115	123	698	762
115	579	698	762
115	123	236	698
115	236	579	698
207	236	481	579
115	207	236	579
111	230	458	626
111	230	314	626
111	314	626	833
4	5	365	951
690	754	779	903
43	859	904	930
94	97	667	953
200	311	458	660
200	297	311	660
311	458	660	741
272	701	911	924
701	826	911	924
516	607	824	924
516	701	826	924
81	266	310	676
81	266	488	676
208	440	677	698
123	208	677	698
383	534	919	924
70	154	925	956
213	313	447	590
112	213	313	590
174	239	296	723
239	296	723	787
239	559	723	787
127	231	581	668
127	231	263	668
145	245	357	917
145	245	357	499
212	288	318	799
212	288	584	799
110	445	695	824
110	377	695	824
110	321	445	824
247	307	334	624
247	334	624	775
247	307	432	624
247	432	624	775
276	295	298	733
295	298	730	733
205	247	342	731
247	342	731	749
343	384	577	765
331	343	577	765
251	268	907	909
76	251	268	909
82	231	263	505
82	231	474	505
231	263	505	668
231	474	505	668
121	233	306	815
121	233	560	815
316	515	633	822
316	515	633	636
358	394	896	907
358	896	906	907
138	382	486	664
138	382	497	664
251	380	611	907
380	611	705	907
86	453	611	907
453	519	611	907
128	261	372	923
128	256	261	923
114	117	192	752
114	117	351	752
209	316	515	822
209	215	316	822
95	326	345	719
95	326	719	819
80	501	607	700
143	269	847	920
143	146	269	920
82	171	244	909
82	171	644	909
81	251	380	680
251	380	611	680
82	216	263	397
82	263	397	505
82	216	397	460
82	397	460	505
113	234	354	528
79	113	234	354
113	354	528	622
79	113	354	622
80	321	824	924
130	217	753	798
34	513	520	946
86	159	168	957
86	168	906	957
851	896	906	957
191	211	299	821
191	299	449	821
165	393	402	502
141	165	393	402
364	393	502	933
91	150	164	902
91	150	178	902
87	265	477	496
265	477	496	710
85	87	265	477
85	265	477	710
76	131	248	909
131	248	908	909
76	248	268	909
9	10	684	913
246	369	616	681
78	246	369	616
189	284	332	751
284	332	751	830
108	200	297	660
108	200	653	660
75	241	272	924
75	241	270	924
341	510	569	752
114	341	510	752
114	299	341	752
299	341	569	752
208	397	440	668
208	263	397	668
147	388	395	922
147	148	395	922
218	226	249	903
218	226	901	903
219	426	605	612
219	426	612	813
66	183	184	484
66	183	484	837
195	304	463	789
195	463	782	789
385	395	652	922
148	385	395	922
239	666	787	801
239	296	666	787
61	239	666	801
61	239	296	666
124	243	315	817
124	243	592	817
108	286	653	660
108	286	540	653
286	653	660	781
286	540	653	781
130	227	374	798
130	227	319	374
457	689	714	920
457	689	847	920
852	876	933	962
46	47	863	953
1	859	904	954
1	859	892	904
217	581	753	798
127	217	581	798
111	314	564	833
314	564	766	833
90	382	453	486
90	138	382	486
86	90	453	486
86	90	138	486
59	280	342	793
280	342	558	793
342	558	764	775
334	342	764	775
285	444	617	641
224	285	444	617
171	393	524	921
141	171	393	921
285	371	617	832
224	228	617	832
104	285	296	832
285	296	371	832
237	386	450	468
125	237	386	450
122	125	237	450
118	122	237	450
355	498	917	918
355	498	511	917
89	145	166	517
145	166	403	517
89	145	499	517
145	403	499	517
118	450	469	665
118	450	468	469
513	911	926	946
353	447	590	915
353	443	447	915
143	170	269	847
170	269	375	847
143	170	689	847
170	375	689	847
202	219	612	923
219	605	612	923
80	607	824	924
272	607	701	924
80	272	607	924
138	464	709	968
61	203	239	801
61	203	472	801
203	239	796	801
203	472	796	801
80	436	621	700
80	436	621	672
153	225	462	671
136	153	225	671
225	462	597	671
136	225	597	671
286	582	727	781
286	301	727	781
286	301	335	727
34	513	926	946
220	386	468	631
220	237	386	468
83	220	386	631
83	220	237	386
267	560	581	769
267	581	769	777
127	267	581	777
155	490	604	898
142	164	448	898
142	155	164	898
81	225	464	968
286	297	301	660
286	301	660	781
111	200	230	458
200	230	458	628
73	630	654	916
73	213	654	916
73	213	221	654
73	230	630	814
73	630	814	916
73	110	230	814
225	464	709	968
111	458	626	833
230	458	626	628
80	264	501	621
80	501	621	700
199	308	561	722
199	561	722	809
81	138	464	968
151	177	911	945
858	867	932	944
852	933	952	962
94	396	504	951
123	206	214	677
123	206	677	762
274	330	333	583
274	330	583	718
283	438	594	780
198	283	438	594
186	196	439	625
186	439	625	773
283	576	650	813
283	576	650	780
187	277	340	797
277	340	784	797
176	328	692	721
176	289	328	721
218	578	901	903
578	754	779	903
578	588	779	903
62	180	218	903
431	732	803	903
431	732	779	903
243	315	568	817
243	433	568	817
210	243	315	568
360	541	905	920
423	541	905	920
360	538	541	905
423	538	541	905
67	140	150	902
67	150	173	902
97	173	900	914
97	100	173	914
107	287	419	619
287	419	615	619
107	287	619	656
287	615	619	656
119	349	657	816
119	309	349	816
320	584	738	835
288	320	584	738
320	556	760	785
212	320	760	785
212	291	320	785
139	248	906	908
135	139	248	906
358	407	408	939
358	408	896	939
544	684	913	942
10	684	913	942
875	921	935	966
533	908	921	935
197	506	574	807
197	506	574	589
138	153	709	968
138	464	664	709
138	153	455	709
138	455	664	709
634	932	944	945
177	634	932	945
143	273	920	932
513	520	911	946
105	151	177	932
31	882	932	965
170	264	272	607
170	264	501	607
80	264	272	607
80	264	501	607
198	311	741	842
198	297	311	842
311	660	741	842
297	311	660	842
89	166	517	960
166	517	947	960
89	396	517	960
855	940	947	960
239	559	723	770
174	239	723	770
239	284	559	770
174	239	284	770
80	110	321	824
80	110	377	824
364	393	921	933
141	165	393	921
75	170	272	911
170	467	804	911
75	170	177	911
170	467	701	911
170	272	701	911
118	122	376	450
118	376	450	665
118	122	228	376
118	376	536	665
217	267	560	581
127	217	267	581
217	560	581	753
127	130	217	798
73	230	630	654
73	221	230	654
230	628	630	654
200	230	628	654
210	243	549	568
243	433	549	568
320	556	735	785
291	320	735	785
320	556	580	735
291	320	580	735
47	100	182	914
53	139	240	955
47	48	182	914
165	925	927	952
165	393	921	933
29	30	647	920
51	52	165	962
33	34	845	926
17	422	906	935
34	513	845	926
145	403	904	930
400	422	906	935
51	154	165	927
893	925	927	956
154	165	925	927
50	893	927	956
50	51	154	927
37	38	102	928
37	102	905	928
38	102	162	928
102	162	920	928
102	905	920	928
5	365	508	951
21	22	688	896
22	688	896	897
422	494	533	935
400	906	908	935
364	921	933	961
19	407	906	939
18	19	407	906
12	13	848	929
11	12	416	929
13	848	925	929
11	361	416	929
361	416	925	929
44	881	930	947
43	166	250	930
43	44	166	930
52	53	160	955
864	890	950	958
145	166	250	930
7	539	632	931
57	58	101	958
46	47	97	953
6	7	539	931
6	863	885	953
40	105	151	932
105	143	273	932
47	97	914	931
876	921	933	961
39	40	105	932
105	143	177	932
35	36	537	910
16	494	535	961
35	850	910	946
15	364	535	961
14	15	364	933
165	393	502	933
14	364	502	933
47	97	931	953
4	365	940	951
93	896	934	941
55	56	106	934
93	106	934	941
55	106	159	934
56	106	934	941
16	860	876	961
860	875	921	961
16	17	494	935
17	422	494	935
361	410	929	942
494	533	921	935
25	412	545	950
545	691	936	964
465	545	691	936
465	691	897	936
0	37	71	905
15	16	535	961
101	936	950	958
494	921	935	961
48	49	99	937
49	68	99	937
48	99	914	937
68	99	914	937
139	168	906	938
54	139	168	938
55	873	894	957
54	55	873	957
851	906	938	957
851	873	894	957
21	408	896	939
21	408	610	896
691	897	936	964
855	886	940	960
3	4	517	940
3	855	940	947
365	396	517	940
4	365	517	940
72	93	106	941
56	72	106	941
56	57	72	941
57	72	897	941
403	413	947	954
2	3	413	947
13	502	530	925
3	413	517	947
10	11	410	942
410	544	684	942
2	413	947	954
10	410	684	942
8	9	696	913
403	413	517	947
58	864	890	958
54	849	891	966
42	157	904	910
25	26	412	959
42	43	157	904
89	94	167	960
44	166	167	960
49	70	937	956
89	166	167	960
51	852	880	962
31	620	715	944
32	634	715	944
620	634	715	944
31	32	715	944
94	167	943	960
19	407	425	939
19	20	425	939
20	408	425	939
407	408	425	939
49	68	70	937
44	45	167	960
68	913	914	937
886	943	951	960
91	448	902	925
39	105	273	932
545	936	950	964
482	620	920	932
133	262	910	945
41	262	945	967
41	850	945	967
365	396	508	951
367	412	545	950
97	632	914	931
15	364	933	961
40	151	932	945
151	177	932	945
41	151	262	945
40	41	151	945
133	151	262	945
177	475	634	945
367	412	527	959
520	537	910	946
34	520	537	946
34	35	537	946
35	537	910	946
20	21	408	939
517	940	947	960
166	403	517	947
44	855	947	960
44	166	930	947
49	853	937	956
0	58	71	948
14	852	933	952
71	101	367	948
58	71	101	948
71	367	527	948
14	502	933	952
15	876	933	961
94	504	667	951
56	856	934	941
856	896	934	941
93	106	159	934
11	877	929	942
853	925	937	942
45	886	943	960
365	396	940	951
5	6	885	951
39	162	273	949
162	920	928	949
162	273	920	949
38	39	162	949
38	162	928	949
24	25	545	950
68	70	178	937
