0
2
11
13
14
20
21
23
24
27
28
33
35
37
43
49
68
69
79
81
83
93
95
104
124
128
129
130
132
139
144
148
151
153
159
163
173
182
184
188
189
193
194
207
218
219
221
223
228
236
247
248
259
260
264
267
271
274
283
306
317
319
320
325
329
330
337
346
353
356
357
360
361
362
364
394
402
403
404
421
426
432
436
442
444
448
451
454
469
471
475
478
479
480
481
483
484
486
487
495
497
500
515
518
519
520
521
527
533
539
542
546
552
555
561
563
567
568
583
588
591
592
595
596
597
625
645
646
650
652
658
664
667
670
687
691
703
705
726
729
733
739
742
744
747
750
754
763
764
766
769
783
793
798
799
802
813
814
822
836
837
839
840
859
863
876
883
886
896
899
902
915
916
922
925
932
934
937
947
959
961
962
967
968
982
1003
1017
1018
1019
1021
1030
1033
1035
1037
1040
1042
1045
1046
1047
1060
1065
1066
1072
1074
1084
1085
1088
1091
1098
1102
1122
1131
1144
1151
1157
1158
1168
1173
1181
1199
1200
1219
1252
1258
1259
1277
1280
1288
1290
1292
1294
1295
1301
1314
1319
1321
1327
1329
1333
1334
1344
1345
1346
1350
1351
1352
1355
1356
1357
1368
1388
1391
1394
1395
1396
1406
1408
1410
1411
1413
1415
1419
1421
1424
1426
1427
1431
1433
1437
1438
1441
1453
1456
1461
1462
1463
1469
1478
1479
1489
1493
1497
1507
1512
1514
1517
1520
1521
1522
1526
1529
1531
1538
1540
1542
1546
1549
1553
1555
1563
1566
1568
1569
1571
1582
1589
1592
1593
1598
1604
1609
1613
1614
1616
1619
1622
1626
1628
1630
1639
1645
1648
1649
1652
1662
1670
1673
1681
1687
1693
1700
1703
1706
1711
1719
1724
1725
1728
1732
1733
1743
1748
1752
1756
1761
1762
1782
1786
1790
1794
1795
1798
1801
1802
1803
1807
1810
1816
1821
1827
1829
1830
1833
1834
1843
1844
1848
1853
1855
1857
1858
1864
1866
1869
1879
1885
1889
1890
1891
1899
1900
1905
1907
1909
1915
1920
1925
1927
1929
1933
1937
1944
1945
1952
1953
1958
1962
1967
1969
1972
1973
2008
2012
2024
2027
2029
2030
2031
2034
2046
2067
2083
2100
2102
2110
2111
2130
2136
2137
2141
2142
2150
2154
2156
2167
2170
2176
2185
2186
2189
2190
2197
2214
2215
2216
2220
2223
2226
2228
2232
2233
2239
2245
2246
2250
2259
2267
2278
2282
2283
2286
2287
2289
2301
2303
2309
2320
2324
2330
2333
2339
2340
2342
2347
2349
2355
2365
2371
2376
2380
2389
2395
2413
2417
2425
2431
2434
2436
2443
2449
2456
2457
2461
2464
2469
2473
2475
2480
2481
2485
2498
2499
2502
2503
2507
2508
2512
2517
2523
2526
2531
2532
2535
2537
2539
2543
2545
2547
2548
2551
2557
2561
2570
2571
2578
2592
2593
2603
2607
2608
2611
2620
2630
2637
2642
2647
2653
2655
2657
2661
2664
2677
2679
2687
2690
2694
2699
2704
2705
2707
2718
2720
2737
2739
2741
2744
2754
2755
2759
2761
2766
2769
2771
2773
2782
2783
2784
2788
2794
2798
2799
2801
2818
2819
2820
2822
2824
2825
2828
2829
2832
2833
2844
2846
2858
2862
2863
2867
2880
2881
2882
2898
2899
2900
2902
2913
2914
2918
2930
2931
2932
2945
2948
2955
2961
2964
2967
