1
8
15
17
19
22
29
31
39
40
42
44
47
50
51
52
53
54
58
60
61
62
63
66
70
71
73
76
77
78
80
82
84
85
87
88
89
91
92
94
96
97
101
102
103
107
109
113
114
118
120
121
127
131
134
135
136
137
140
143
145
146
147
149
150
152
154
156
157
165
166
168
175
176
177
180
187
190
192
197
199
202
205
209
215
216
217
225
229
230
233
241
245
246
249
251
252
253
255
258
262
263
265
266
273
276
277
281
284
285
291
293
296
300
302
304
321
323
324
327
328
331
336
338
339
340
341
347
349
350
351
354
358
359
363
365
366
374
377
378
379
384
387
388
389
391
397
398
399
405
406
407
408
410
411
412
414
415
417
418
427
430
431
435
438
443
445
450
453
455
459
460
462
467
473
477
490
491
493
494
503
504
507
509
511
517
522
524
528
529
530
534
537
540
541
543
547
548
550
551
553
554
556
559
564
565
566
569
571
573
575
577
578
579
586
593
594
598
599
600
601
606
607
610
612
613
614
615
617
621
623
628
629
633
634
636
637
638
640
641
642
643
647
648
653
654
657
659
660
661
663
665
672
674
675
676
677
678
679
680
682
683
686
688
689
692
693
694
695
697
702
706
708
709
711
712
717
722
724
725
727
730
734
738
740
741
743
746
748
751
753
756
757
759
761
765
767
768
771
772
773
776
777
778
779
784
786
787
790
791
792
794
797
801
807
808
811
812
815
817
818
821
823
827
830
832
833
835
842
843
847
849
851
852
854
861
866
867
871
873
875
879
880
889
892
894
897
901
905
908
911
912
914
917
920
921
936
940
941
944
946
949
950
951
953
955
956
958
960
963
964
965
971
972
973
977
978
979
981
983
985
986
993
997
998
999
1000
1002
1005
1007
1011
1014
1015
1020
1023
1024
1025
1027
1029
1032
1034
1036
1041
1049
1050
1051
1052
1054
1058
1059
1063
1064
1067
1068
1071
1075
1077
1078
1082
1083
1086
1087
1090
1093
1094
1096
1100
1104
1106
1110
1111
1113
1116
1117
1118
1120
1123
1132
1133
1136
1143
1146
1148
1149
1152
1154
1155
1156
1161
1165
1167
1170
1171
1172
1174
1175
1176
1180
1182
1183
1185
1186
1189
1190
1193
1194
1197
1201
1202
1204
1207
1213
1217
1220
1222
1223
1224
1226
1232
1234
1237
1240
1241
1243
1244
1247
1248
1249
1254
1261
1263
1264
1268
1269
1270
1276
1278
1284
1287
1289
1297
1299
1300
1309
1331
1335
1336
1337
1342
1343
1348
1353
1363
1365
1366
1371
1374
1376
1378
1379
1381
1385
1392
1393
1430
1432
1435
1440
1442
1443
1444
1445
1447
1448
1449
1451
1454
1458
1460
1464
1467
1470
1471
1473
1476
1480
1481
1485
1487
1490
1491
1496
1499
1500
1502
1504
1511
1516
1518
1523
1524
1534
1537
1539
1544
1547
1551
1552
1554
1556
1557
1564
1567
1572
1573
1574
1578
1579
1585
1587
1594
1595
1597
1600
1601
1602
1610
1618
1620
1625
1631
1633
1636
1637
1638
1644
1646
1650
1651
1653
1654
1655
1657
1664
1671
1672
1678
1680
1683
1684
1685
1688
1690
1691
1695
1701
1709
1715
1717
1718
1720
1721
1722
1727
1729
1739
1741
1745
1746
1753
1758
1760
1765
1768
1770
1772
1773
1774
1775
1776
1780
1781
1783
1784
1787
1792
1796
1799
1800
1811
1813
1814
1815
1818
1823
1825
1826
1828
1831
1838
1839
1841
1842
1845
1846
1851
1852
1859
1861
1870
1871
1873
1874
1875
1880
1881
1896
1897
1901
1902
1904
1906
1911
1913
1919
1922
1923
1924
1930
1934
1936
1939
1941
1942
1943
1947
1949
1951
1954
1957
1961
1963
1966
1968
1970
1971
1978
1979
1980
1982
1983
1985
1987
1988
1989
1993
1994
1995
1997
1998
2000
2001
2002
2004
2005
2007
2009
2010
2015
2016
2017
2018
2019
2020
2021
2025
2028
2032
2033
2035
2036
2037
2038
2042
2043
2044
2047
2051
2052
2053
2056
2058
2059
2062
2063
2065
2066
2070
2073
2087
2088
2090
2098
2101
2105
2112
2113
2119
2120
2121
2122
2125
2126
2127
2134
2139
2144
2145
2146
2147
2151
2152
2157
2165
2168
2169
2173
2174
2175
2177
2178
2180
2181
2183
2187
2188
2192
2193
2194
2195
2196
2198
2199
2200
2201
2202
2208
2213
2218
2221
2222
2224
2225
2227
2234
2237
2244
2248
2252
2261
2262
2263
2264
2266
2268
2270
2271
2272
2273
2274
2277
2280
2284
2285
2288
2290
2291
2295
2297
2298
2299
2302
2304
2305
2307
2308
2310
2313
2315
2317
2318
2321
2325
2329
2331
2332
2334
2335
2338
2341
2343
2356
2357
2359
2362
2363
2366
2367
2368
2374
2378
2379
2383
2385
2387
2391
2392
2396
2398
2399
2401
2406
2407
2410
2411
2412
2419
2421
2422
2424
2428
2430
2438
2439
2444
2447
2448
2451
2459
2466
2467
2472
2477
2484
2487
2488
2491
2492
2494
2496
2505
2511
2515
2518
2522
2528
2530
2534
2540
2541
2549
2553
2559
2560
2564
2565
2567
2575
2576
2579
2580
2585
2588
2589
2595
2597
2601
2605
2610
2614
2615
2616
2618
2619
2623
2633
2634
2635
2638
2640
2644
2648
2649
2666
2667
2669
2671
2681
2684
2685
2686
2692
2693
2695
2696
2698
2702
2703
2709
2711
2712
2714
2716
2721
2727
2728
2730
2732
2745
2751
2765
2767
2770
2774
2777
2778
2780
2787
2789
2791
2804
2805
2807
2811
2813
2815
2823
2826
2834
2835
2837
2838
2840
2850
2851
2854
2856
2859
2873
2876
2878
2879
2885
2886
2887
2888
2889
2891
2892
2893
2897
2904
2905
2906
2907
2909
2910
2911
2912
2924
2925
2934
2936
2937
2939
2966
