0	37	71
0	37	868
0	37	905
0	58	71
0	58	864
0	58	948
0	71	905
0	71	948
0	864	895
0	864	948
0	868	895
0	868	905
0	868	948
0	895	948
0	905	948
1	2	359
1	2	859
1	2	954
1	36	362
1	36	892
1	36	904
1	359	420
1	359	954
1	362	420
1	362	904
1	420	904
1	420	954
1	859	892
1	859	904
1	859	954
1	892	904
1	904	954
2	3	413
2	3	881
2	3	947
2	359	413
2	359	954
2	413	947
2	413	954
2	859	881
2	859	954
2	881	947
2	881	954
2	947	954
3	4	517
3	4	886
3	4	940
3	413	517
3	413	947
3	517	940
3	517	947
3	855	881
3	855	886
3	855	940
3	855	947
3	881	947
3	886	940
3	940	947
4	5	365
4	5	886
4	5	951
4	365	517
4	365	940
4	365	951
4	517	940
4	886	940
4	886	951
4	940	951
5	6	508
5	6	885
5	6	951
5	365	508
5	365	951
5	508	951
5	857	885
5	857	886
5	857	951
5	885	951
5	886	951
6	7	539
6	7	889
6	7	931
6	508	667
6	508	951
6	539	667
6	539	931
6	667	931
6	667	951
6	667	953
6	863	885
6	863	889
6	863	931
6	863	953
6	885	951
6	885	953
6	889	931
6	931	953
6	951	953
7	8	846
7	8	889
7	8	931
7	539	632
7	539	931
7	632	846
7	632	931
7	846	931
7	889	931
8	9	696
8	9	883
8	9	913
8	600	696
8	600	846
8	600	913
8	600	914
8	696	913
8	846	914
8	846	931
8	865	883
8	865	889
8	865	914
8	883	913
8	883	914
8	889	914
8	889	931
8	913	914
8	914	931
9	10	684
9	10	887
9	10	913
9	684	696
9	684	913
9	696	913
9	866	883
9	866	887
9	866	913
9	883	913
9	887	913
10	11	410
10	11	887
10	11	942
10	410	684
10	410	942
10	684	913
10	684	942
10	887	913
10	887	942
10	913	942
11	12	416
11	12	877
11	12	929
11	361	410
11	361	416
11	361	929
11	410	929
11	410	942
11	416	929
11	853	877
11	853	887
11	853	942
11	877	929
11	877	942
11	887	942
11	929	942
12	13	416
12	13	848
12	13	929
12	416	929
12	848	877
12	848	929
12	877	929
13	14	502
13	14	871
13	14	952
13	416	530
13	416	925
13	416	929
13	502	530
13	502	925
13	502	952
13	530	925
13	848	871
13	848	925
13	848	929
13	848	952
13	871	952
13	925	929
13	925	952
14	15	364
14	15	852
14	15	933
14	364	502
14	364	933
14	502	933
14	502	952
14	852	871
14	852	933
14	852	952
14	871	952
14	933	952
15	16	535
15	16	876
15	16	961
15	364	535
15	364	933
15	364	961
15	535	961
15	852	876
15	852	933
15	876	933
15	876	961
15	933	961
16	17	494
16	17	875
16	17	935
16	494	535
16	494	935
16	494	961
16	535	961
16	860	875
16	860	876
16	860	961
16	875	935
16	875	961
16	876	961
16	935	961
17	18	422
17	18	849
17	18	906
17	422	494
17	422	906
17	422	935
17	494	935
17	849	875
17	849	906
17	849	935
17	875	935
17	906	935
18	19	407
18	19	872
18	19	906
18	407	415
18	407	906
18	415	422
18	415	906
18	422	906
18	849	872
18	849	906
18	872	906
19	20	425
19	20	851
19	20	939
19	407	425
19	407	906
19	407	939
19	425	939
19	851	872
19	851	906
19	851	939
19	872	906
19	906	939
20	21	408
20	21	879
20	21	939
20	408	425
20	408	939
20	425	939
20	851	879
20	851	939
20	879	939
21	22	688
21	22	888
21	22	896
21	408	610
21	408	896
21	408	939
21	610	688
21	610	896
21	688	896
21	856	879
21	856	888
21	856	896
21	879	896
21	879	939
21	888	896
21	896	939
22	23	688
22	23	888
22	23	897
22	688	896
22	688	897
22	888	896
22	888	897
22	896	897
23	24	691
23	24	884
23	24	964
23	418	483
23	418	688
23	418	897
23	483	691
23	483	897
23	688	897
23	691	897
23	691	964
23	854	884
23	854	888
23	854	897
23	884	897
23	884	964
23	888	897
23	897	964
24	25	545
24	25	890
24	25	950
24	545	691
24	545	950
24	545	964
24	691	964
24	862	884
24	862	890
24	862	964
24	884	964
24	890	950
24	890	964
24	950	964
25	26	412
25	26	895
25	26	959
25	412	545
25	412	950
25	412	959
25	545	950
25	864	890
25	864	895
25	864	950
25	864	959
25	890	950
25	895	959
25	950	959
26	27	707
26	27	895
26	27	963
26	412	707
26	412	959
26	707	959
26	707	963
26	895	959
26	895	963
26	959	963
27	28	363
27	28	868
27	28	905
27	363	707
27	363	905
27	707	905
27	707	963
27	868	895
27	868	905
27	868	963
27	895	963
27	905	963
28	29	546
28	29	869
28	29	905
28	363	546
28	363	905
28	546	905
28	868	869
28	868	905
28	869	905
29	30	647
29	30	870
29	30	920
29	546	647
29	546	905
29	546	920
29	647	920
29	869	870
29	869	905
29	869	920
29	870	920
29	905	920
30	31	482
30	31	882
30	31	965
30	482	647
30	482	920
30	482	965
30	647	920
30	870	882
30	870	920
30	870	965
30	882	965
30	920	965
31	32	715
31	32	867
31	32	944
31	482	620
31	482	932
31	482	965
31	620	715
31	620	932
31	620	944
31	715	944
31	867	882
31	867	932
31	867	944
31	882	932
31	882	965
31	932	944
31	932	965
32	33	492
32	33	858
32	33	926
32	492	634
32	492	926
32	634	715
32	634	926
32	634	944
32	715	944
32	858	867
32	858	926
32	858	944
32	867	944
32	926	944
33	34	845
33	34	878
33	34	926
33	492	845
33	492	926
33	845	926
33	858	878
33	858	926
33	878	926
34	35	537
34	35	850
34	35	946
34	513	520
34	513	845
34	513	926
34	513	946
34	520	537
34	520	946
34	537	946
34	845	926
34	850	878
34	850	946
34	878	926
34	878	946
34	926	946
35	36	537
35	36	874
35	36	910
35	537	910
35	537	946
35	850	874
35	850	910
35	850	946
35	874	910
35	910	946
36	362	417
36	362	904
36	417	537
36	417	904
36	417	910
36	537	910
36	861	874
36	861	892
36	861	904
36	861	910
36	874	910
36	892	904
36	904	910
37	38	102
37	38	869
37	38	928
37	71	102
37	71	905
37	102	905
37	102	928
37	868	869
37	868	905
37	869	905
37	869	928
37	905	928
38	39	162
38	39	870
38	39	949
38	102	162
38	102	928
38	162	928
38	162	949
38	869	870
38	869	928
38	870	928
38	870	949
38	928	949
39	40	105
39	40	867
39	40	932
39	105	273
39	105	932
39	162	273
39	162	949
39	273	932
39	273	949
39	867	882
39	867	932
39	870	882
39	870	949
39	882	932
39	882	949
39	932	949
40	41	151
40	41	858
40	41	945
40	105	151
40	105	932
40	151	932
40	151	945
40	858	867
40	858	932
40	858	945
40	867	932
40	932	945
41	42	258
41	42	850
41	42	967
41	151	262
41	151	945
41	258	262
41	258	967
41	262	945
41	262	967
41	850	858
41	850	945
41	850	967
41	858	945
41	945	967
42	43	157
42	43	861
42	43	904
42	157	258
42	157	904
42	157	910
42	258	910
42	258	967
42	850	874
42	850	910
42	850	967
42	861	874
42	861	904
42	861	910
42	874	910
42	904	910
42	910	967
43	44	166
43	44	859
43	44	930
43	157	250
43	157	904
43	166	250
43	166	930
43	250	904
43	250	930
43	859	892
43	859	904
43	859	930
43	861	892
43	861	904
43	892	904
43	904	930
44	45	167
44	45	855
44	45	960
44	166	167
44	166	930
44	166	947
44	166	960
44	167	960
44	855	881
44	855	947
44	855	960
44	859	881
44	859	930
44	881	930
44	881	947
44	930	947
44	947	960
45	46	169
45	46	857
45	46	943
45	167	169
45	167	943
45	167	960
45	169	943
45	855	886
45	855	960
45	857	886
45	857	943
45	886	943
45	886	960
45	943	960
46	47	97
46	47	863
46	47	953
46	97	169
46	97	953
46	169	943
46	169	953
46	857	885
46	857	943
46	857	953
46	863	885
46	863	953
46	885	953
46	943	953
47	48	182
47	48	865
47	48	914
47	97	100
47	97	914
47	97	931
47	97	953
47	100	182
47	100	914
47	182	914
47	863	889
47	863	931
47	863	953
47	865	889
47	865	914
47	889	914
47	889	931
47	914	931
47	931	953
48	49	99
48	49	866
48	49	937
48	99	182
48	99	914
48	99	937
48	182	914
48	865	883
48	865	914
48	866	883
48	866	914
48	866	937
48	883	914
48	914	937
49	50	70
49	50	893
49	50	956
49	68	70
49	68	99
49	68	937
49	70	937
49	70	956
49	99	937
49	853	887
49	853	893
49	853	937
49	853	956
49	866	887
49	866	937
49	887	937
49	893	956
49	937	956
50	51	154
50	51	880
50	51	927
50	70	154
50	70	956
50	154	927
50	154	956
50	880	893
50	880	927
50	893	927
50	893	956
50	927	956
51	52	165
51	52	852
51	52	962
51	154	165
51	154	927
51	165	927
51	165	962
51	852	880
51	852	962
51	880	927
51	880	962
51	927	962
52	53	160
52	53	860
52	53	955
52	160	165
52	160	955
52	160	962
52	165	962
52	852	876
52	852	962
52	860	876
52	860	955
52	860	962
52	876	962
52	955	962
53	54	139
53	54	891
53	54	966
53	139	240
53	139	955
53	139	966
53	160	240
53	160	955
53	240	955
53	860	891
53	860	955
53	860	966
53	891	966
53	955	966
54	55	168
54	55	873
54	55	957
54	139	168
54	139	938
54	139	966
54	168	938
54	168	957
54	849	873
54	849	891
54	849	938
54	849	966
54	873	938
54	873	957
54	891	966
54	938	957
54	938	966
55	56	106
55	56	894
55	56	934
55	106	159
55	106	934
55	159	168
55	159	934
55	159	957
55	168	957
55	873	894
55	873	957
55	894	934
55	894	957
55	934	957
56	57	72
56	57	854
56	57	941
56	72	106
56	72	941
56	106	934
56	106	941
56	854	888
56	854	941
56	856	888
56	856	894
56	856	934
56	856	941
56	888	941
56	894	934
56	934	941
57	58	101
57	58	862
57	58	958
57	72	175
57	72	897
57	72	941
57	101	175
57	101	958
57	175	897
57	175	958
57	854	862
57	854	897
57	854	941
57	862	897
57	862	958
57	897	941
57	897	958
58	71	101
58	71	948
58	101	948
58	101	958
58	862	890
58	862	958
58	864	890
58	864	948
58	864	958
58	890	958
58	948	958
59	205	308
59	205	342
59	205	563
59	280	293
59	280	342
59	280	793
59	293	329
59	293	774
59	293	793
59	308	329
59	308	563
59	329	563
59	329	774
59	342	563
59	342	793
59	563	774
59	563	793
59	774	793
60	195	304
60	195	320
60	195	782
60	195	789
60	253	292
60	253	304
60	253	776
60	253	789
60	260	294
60	260	303
60	260	572
60	260	768
60	291	294
60	291	320
60	291	580
60	292	303
60	292	776
60	294	580
60	294	744
60	294	768
60	303	572
60	303	776
60	304	789
60	320	580
60	320	782
60	565	572
60	565	580
60	565	744
60	565	768
60	565	776
60	565	782
60	565	789
60	572	768
60	572	776
60	580	744
60	580	782
60	744	768
60	776	789
60	782	789
61	104	180
61	104	296
61	104	666
61	104	792
61	180	223
61	180	557
61	180	792
61	203	239
61	203	252
61	203	472
61	203	801
61	203	810
61	223	252
61	223	557
61	239	296
61	239	666
61	239	801
61	252	557
61	252	810
61	296	666
61	472	666
61	472	792
61	472	801
61	472	810
61	557	792
61	557	810
61	666	792
61	666	801
61	792	810
62	130	223
62	130	319
62	130	603
62	144	249
62	144	319
62	144	903
62	180	218
62	180	223
62	180	588
62	180	903
62	218	249
62	218	903
62	223	588
62	223	603
62	223	732
62	249	903
62	319	603
62	319	627
62	319	903
62	588	732
62	588	903
62	603	627
62	603	732
62	603	903
62	627	903
62	732	903
63	140	164
63	140	172
63	140	898
63	140	899
63	144	155
63	144	249
63	144	903
63	155	164
63	155	898
63	155	903
63	164	898
63	172	226
63	172	899
63	226	249
63	226	899
63	226	903
63	249	903
63	898	899
63	898	903
63	899	903
64	136	153
64	136	185
64	136	373
64	136	671
64	152	153
64	152	181
64	152	685
64	152	708
64	152	823
64	153	671
64	153	708
64	181	185
64	181	378
64	181	685
64	185	373
64	185	378
64	373	378
64	373	671
64	373	685
64	373	708
64	373	823
64	378	685
64	671	708
64	685	823
64	708	823
65	67	163
65	67	172
65	67	899
65	67	922
65	126	148
65	126	172
65	126	899
65	126	922
65	148	163
65	148	922
65	163	922
65	172	899
65	899	922
66	103	149
66	103	183
66	103	370
66	103	837
66	137	149
66	137	181
66	137	370
66	137	514
66	149	370
66	181	322
66	181	514
66	183	184
66	183	484
66	183	837
66	184	322
66	184	484
66	322	484
66	322	514
66	370	514
66	370	837
66	484	514
66	484	837
66	514	837
67	97	163
67	97	173
67	97	900
67	97	922
67	140	150
67	140	172
67	140	899
67	140	902
67	150	173
67	150	902
67	163	922
67	172	899
67	173	900
67	173	902
67	899	900
67	899	902
67	899	922
67	900	902
67	900	922
68	70	178
68	70	937
68	99	100
68	99	914
68	99	937
68	100	173
68	100	914
68	150	173
68	150	178
68	150	902
68	173	902
68	173	913
68	173	914
68	178	902
68	178	937
68	902	913
68	902	937
68	913	914
68	913	937
68	914	937
69	71	102
69	71	183
69	71	834
69	71	905
69	102	179
69	102	905
69	103	179
69	103	183
69	103	529
69	103	834
69	179	529
69	179	905
69	183	834
69	529	834
69	529	905
69	834	905
70	91	154
70	91	178
70	91	925
70	91	937
70	154	925
70	154	956
70	178	937
70	925	937
70	925	956
70	937	956
71	101	183
71	101	367
71	101	948
71	102	905
71	183	367
71	183	834
71	367	527
71	367	834
71	367	948
71	527	834
71	527	905
71	527	948
71	834	905
71	905	948
72	93	106
72	93	158
72	93	897
72	93	941
72	106	941
72	158	175
72	158	897
72	175	897
72	897	941
73	74	238
73	74	312
73	74	916
73	110	230
73	110	321
73	110	814
73	110	916
73	213	221
73	213	238
73	213	654
73	213	916
73	221	230
73	221	654
73	230	630
73	230	654
73	230	814
73	238	916
73	312	321
73	312	916
73	321	916
73	630	654
73	630	814
73	630	916
73	654	916
73	814	916
74	222	238
74	222	255
74	222	915
74	222	918
74	235	255
74	235	312
74	235	919
74	238	915
74	238	916
74	255	918
74	255	919
74	312	916
74	312	919
74	915	916
74	915	918
74	916	918
74	916	919
74	918	919
75	133	177
75	133	270
75	133	911
75	170	177
75	170	272
75	170	911
75	177	911
75	241	270
75	241	272
75	241	924
75	270	911
75	270	924
75	272	911
75	272	924
75	911	924
76	81	251
76	81	310
76	81	909
76	131	244
76	131	248
76	131	909
76	244	310
76	244	909
76	248	268
76	248	909
76	251	268
76	251	909
76	268	909
76	310	909
77	134	157
77	134	255
77	134	904
77	134	917
77	145	245
77	145	250
77	145	904
77	145	917
77	157	250
77	157	904
77	222	255
77	222	257
77	222	918
77	245	257
77	245	917
77	250	904
77	255	917
77	255	918
77	257	917
77	257	918
77	904	917
77	917	918
78	80	264
78	80	271
78	80	509
78	80	672
78	88	246
78	88	269
78	88	616
78	246	271
78	246	369
78	246	616
78	264	269
78	264	509
78	269	509
78	269	616
78	271	369
78	271	672
78	369	509
78	369	616
78	369	672
78	509	616
78	509	672
79	83	220
79	83	245
79	83	354
79	83	693
79	113	222
79	113	234
79	113	354
79	113	622
79	113	915
79	220	234
79	220	354
79	222	257
79	222	915
79	222	918
79	234	354
79	245	257
79	245	693
79	257	421
79	257	693
79	257	825
79	257	918
79	354	622
79	354	693
79	354	825
79	421	622
79	421	825
79	421	915
79	421	918
79	622	825
79	622	915
79	693	825
79	915	918
80	110	116
80	110	321
80	110	377
80	110	436
80	110	824
80	116	271
80	116	436
80	116	672
80	241	272
80	241	321
80	241	924
80	264	272
80	264	501
80	264	509
80	264	607
80	264	621
80	271	672
80	272	607
80	272	924
80	321	824
80	321	924
80	377	436
80	377	607
80	377	700
80	377	824
80	436	621
80	436	672
80	436	700
80	501	607
80	501	621
80	501	700
80	509	621
80	509	672
80	607	700
80	607	824
80	607	924
80	621	672
80	621	700
80	824	924
81	138	153
81	138	251
81	138	464
81	138	680
81	138	968
81	153	225
81	153	968
81	225	266
81	225	464
81	225	841
81	225	968
81	251	380
81	251	680
81	251	909
81	266	310
81	266	488
81	266	676
81	266	841
81	310	676
81	310	909
81	380	488
81	380	676
81	380	680
81	380	909
81	464	680
81	464	841
81	464	968
81	488	676
81	488	680
81	488	841
81	676	909
81	680	841
82	85	171
82	85	231
82	85	352
82	85	507
82	171	244
82	171	352
82	171	644
82	171	909
82	216	244
82	216	263
82	216	397
82	216	460
82	216	909
82	231	263
82	231	474
82	231	505
82	231	507
82	244	909
82	263	397
82	263	505
82	352	474
82	352	505
82	352	507
82	352	644
82	397	460
82	397	505
82	460	505
82	460	644
82	460	909
82	474	505
82	474	507
82	505	644
82	644	909
83	84	245
83	84	259
83	84	500
83	84	693
83	220	237
83	220	354
83	220	386
83	220	631
83	237	259
83	237	386
83	245	693
83	259	386
83	259	500
83	354	631
83	354	693
83	386	500
83	386	631
83	500	631
83	500	693
83	631	693
84	89	147
84	89	245
84	89	391
84	89	392
84	147	259
84	147	391
84	147	395
84	245	392
84	245	693
84	259	395
84	259	500
84	391	392
84	391	395
84	391	500
84	391	693
84	392	693
84	395	500
84	500	693
85	87	142
85	87	265
85	87	477
85	142	155
85	142	477
85	142	670
85	155	227
85	155	670
85	171	265
85	171	352
85	227	231
85	227	507
85	227	670
85	227	716
85	231	507
85	265	352
85	265	477
85	265	710
85	352	507
85	352	710
85	477	507
85	477	670
85	477	710
85	477	716
85	507	710
85	507	716
85	670	716
86	90	138
86	90	159
86	90	453
86	90	486
86	90	896
86	135	168
86	135	251
86	135	906
86	135	907
86	138	251
86	138	486
86	138	611
86	159	168
86	159	896
86	159	957
86	168	906
86	168	957
86	251	611
86	251	907
86	453	486
86	453	611
86	453	896
86	453	907
86	486	611
86	611	907
86	896	906
86	896	907
86	896	957
86	906	907
86	906	957
87	91	142
87	91	154
87	91	838
87	91	925
87	141	165
87	141	265
87	141	402
87	142	477
87	142	838
87	154	165
87	154	925
87	165	402
87	165	925
87	265	402
87	265	477
87	265	496
87	401	402
87	401	477
87	401	496
87	401	838
87	401	925
87	402	496
87	402	925
87	477	496
87	477	838
87	838	925
88	92	179
88	92	269
88	92	470
88	92	683
88	149	179
88	149	242
88	149	489
88	179	489
88	179	683
88	242	246
88	242	480
88	242	489
88	246	480
88	246	616
88	269	470
88	269	616
88	470	480
88	470	616
88	470	683
88	480	489
88	480	616
88	480	683
88	489	683
89	94	147
89	94	167
89	94	396
89	94	960
89	145	166
89	145	245
89	145	499
89	145	517
89	147	391
89	147	396
89	166	167
89	166	517
89	166	960
89	167	960
89	245	392
89	245	499
89	391	392
89	391	396
89	392	396
89	392	499
89	396	499
89	396	517
89	396	960
89	499	517
89	517	960
90	93	158
90	93	159
90	93	896
90	93	897
90	138	152
90	138	382
90	138	486
90	138	497
90	152	158
90	152	379
90	152	497
90	158	366
90	158	379
90	158	897
90	159	896
90	366	379
90	366	382
90	366	485
90	366	497
90	366	897
90	379	497
90	382	453
90	382	485
90	382	486
90	382	497
90	453	485
90	453	486
90	453	896
90	485	896
90	485	897
90	896	897
91	142	164
91	142	448
91	142	838
91	150	164
91	150	178
91	150	902
91	154	925
91	164	448
91	164	902
91	178	902
91	178	937
91	448	838
91	448	902
91	448	925
91	838	925
91	902	925
91	902	937
91	925	937
92	102	162
92	102	179
92	102	905
92	102	920
92	146	162
92	146	269
92	146	920
92	162	920
92	179	360
92	179	683
92	179	905
92	269	470
92	269	920
92	360	470
92	360	683
92	360	905
92	360	920
92	470	683
92	470	920
92	905	920
93	106	159
93	106	934
93	106	941
93	158	897
93	159	896
93	159	934
93	896	897
93	896	934
93	896	941
93	897	941
93	934	941
94	97	147
94	97	169
94	97	388
94	97	667
94	97	953
94	147	388
94	147	396
94	147	504
94	167	169
94	167	943
94	167	960
94	169	943
94	169	953
94	388	504
94	388	667
94	396	504
94	396	951
94	396	960
94	504	667
94	504	951
94	667	951
94	667	953
94	943	951
94	943	953
94	943	960
94	951	953
94	951	960
95	209	317
95	209	323
95	209	575
95	209	601
95	209	606
95	280	289
95	280	339
95	280	435
95	280	756
95	289	326
95	289	567
95	289	756
95	289	819
95	317	345
95	317	575
95	323	339
95	323	606
95	326	345
95	326	719
95	326	819
95	339	435
95	339	606
95	345	575
95	345	719
95	435	567
95	435	606
95	435	756
95	435	772
95	567	575
95	567	719
95	567	756
95	567	772
95	567	819
95	575	601
95	575	719
95	575	772
95	601	606
95	601	772
95	606	772
95	719	819
96	156	243
96	156	254
96	156	686
96	156	702
96	185	243
96	185	261
96	185	427
96	185	702
96	243	702
96	254	261
96	254	427
96	254	686
96	261	427
96	427	686
96	427	702
96	686	702
97	100	173
97	100	914
97	147	163
97	147	388
97	147	922
97	163	922
97	169	953
97	173	900
97	173	914
97	388	547
97	388	667
97	388	922
97	547	632
97	547	667
97	547	922
97	547	931
97	632	900
97	632	914
97	632	922
97	632	931
97	667	931
97	667	953
97	900	914
97	900	922
97	914	931
97	931	953
98	174	191
98	174	284
98	174	570
98	174	770
98	191	211
98	191	570
98	191	800
98	196	211
98	196	302
98	196	750
98	196	805
98	211	750
98	211	800
98	284	302
98	284	553
98	284	770
98	302	553
98	302	805
98	553	570
98	553	750
98	553	770
98	553	800
98	553	805
98	570	770
98	570	800
98	750	800
98	750	805
99	100	182
99	100	914
99	182	914
99	914	937
100	173	914
100	182	914
101	175	184
101	175	936
101	175	958
101	183	184
101	183	367
101	184	367
101	184	936
101	367	936
101	367	948
101	367	950
101	936	950
101	936	958
101	948	950
101	948	958
101	950	958
102	162	920
102	162	928
102	179	905
102	905	920
102	905	928
102	920	928
103	149	179
103	149	370
103	149	489
103	179	489
103	179	529
103	183	834
103	183	837
103	370	489
103	370	529
103	370	834
103	370	837
103	489	529
103	529	834
103	834	837
104	180	228
104	180	734
104	180	792
104	224	228
104	224	285
104	224	832
104	228	734
104	228	832
104	285	296
104	285	832
104	296	666
104	296	832
104	666	734
104	666	792
104	666	832
104	734	792
104	734	832
105	143	177
105	143	273
105	143	932
105	151	177
105	151	932
105	177	932
105	273	932
106	159	934
106	934	941
107	108	287
107	108	313
107	108	419
107	108	836
107	211	290
107	211	299
107	211	591
107	211	656
107	287	290
107	287	419
107	287	619
107	287	656
107	290	656
107	299	341
107	299	591
107	313	341
107	313	697
107	313	836
107	341	591
107	341	697
107	419	619
107	419	836
107	591	619
107	591	656
107	591	697
107	619	656
107	619	697
107	619	836
107	697	836
108	200	221
108	200	297
108	200	350
108	200	653
108	200	660
108	221	313
108	221	350
108	286	287
108	286	297
108	286	540
108	286	653
108	286	660
108	287	419
108	287	540
108	297	660
108	313	350
108	313	836
108	350	419
108	350	653
108	350	836
108	419	540
108	419	653
108	419	836
108	540	653
108	653	660
109	198	212
109	198	297
109	198	643
109	198	811
109	198	842
109	212	318
109	212	602
109	212	811
109	297	301
109	297	842
109	301	318
109	301	348
109	301	674
109	301	842
109	318	602
109	318	674
109	348	602
109	348	643
109	348	674
109	348	842
109	602	643
109	602	674
109	602	811
109	643	811
109	643	842
110	116	314
110	116	436
110	116	608
110	230	314
110	230	608
110	230	695
110	230	814
110	314	608
110	321	445
110	321	824
110	321	916
110	377	436
110	377	608
110	377	695
110	377	824
110	436	608
110	445	695
110	445	814
110	445	824
110	445	916
110	608	695
110	695	814
110	695	824
110	814	916
111	193	311
111	193	314
111	193	564
111	200	230
111	200	311
111	200	458
111	230	314
111	230	458
111	230	626
111	311	458
111	311	564
111	311	833
111	314	564
111	314	626
111	314	833
111	458	626
111	458	833
111	564	833
111	626	833
112	113	114
112	113	238
112	113	531
112	113	915
112	114	341
112	114	531
112	114	771
112	213	238
112	213	313
112	213	590
112	213	915
112	238	915
112	313	341
112	313	590
112	341	590
112	341	771
112	531	590
112	531	771
112	531	915
112	590	771
112	590	915
113	114	234
113	114	531
113	222	238
113	222	915
113	234	354
113	234	528
113	234	531
113	238	915
113	354	528
113	354	622
113	528	531
113	528	622
113	528	915
113	531	915
113	622	915
114	117	192
114	117	234
114	117	351
114	117	655
114	117	752
114	192	299
114	192	752
114	234	531
114	234	655
114	299	341
114	299	752
114	341	510
114	341	752
114	341	771
114	351	510
114	351	655
114	351	752
114	351	771
114	510	752
114	510	771
114	531	655
114	531	771
114	655	771
115	119	204
115	119	305
115	119	739
115	123	206
115	123	236
115	123	698
115	123	762
115	204	206
115	204	562
115	204	739
115	204	762
115	206	762
115	207	236
115	207	305
115	207	579
115	207	639
115	236	579
115	236	698
115	305	639
115	305	739
115	562	579
115	562	639
115	562	739
115	562	762
115	579	639
115	579	698
115	579	762
115	639	739
115	698	762
116	193	314
116	193	344
116	193	766
116	271	344
116	271	638
116	271	672
116	314	608
116	314	766
116	344	638
116	344	766
116	436	608
116	436	638
116	436	672
116	436	766
116	608	766
116	638	672
116	638	766
117	118	224
117	118	237
117	118	468
117	118	469
117	192	224
117	192	444
117	192	752
117	220	234
117	220	237
117	220	468
117	220	645
117	224	444
117	224	469
117	234	645
117	234	655
117	237	468
117	351	642
117	351	645
117	351	655
117	351	752
117	444	469
117	444	642
117	444	752
117	468	469
117	468	645
117	469	642
117	469	645
117	642	645
117	642	752
117	645	655
118	122	228
118	122	237
118	122	376
118	122	450
118	224	228
118	224	469
118	224	617
118	228	376
118	228	536
118	228	617
118	237	450
118	237	468
118	376	450
118	376	536
118	376	665
118	450	468
118	450	469
118	450	665
118	468	469
118	469	617
118	469	665
118	536	617
118	536	665
118	617	665
119	194	309
119	194	316
119	194	657
119	194	816
119	204	215
119	204	506
119	204	739
119	215	316
119	215	506
119	215	657
119	305	309
119	305	349
119	305	739
119	309	349
119	309	816
119	316	657
119	349	657
119	349	739
119	349	816
119	506	657
119	506	739
119	657	739
119	657	816
120	129	229
120	129	256
120	129	923
120	202	219
120	202	229
120	202	923
120	219	254
120	219	923
120	229	923
120	254	256
120	254	923
120	256	923
121	214	247
121	214	267
121	214	747
121	214	763
121	217	233
121	217	267
121	217	560
121	233	306
121	233	560
121	233	815
121	247	306
121	247	763
121	267	560
121	267	747
121	306	587
121	306	763
121	306	815
121	560	587
121	560	747
121	560	815
121	587	747
121	587	763
121	587	815
121	747	763
122	125	226
122	125	237
122	125	450
122	125	901
122	226	228
122	226	901
122	228	376
122	228	901
122	237	450
122	376	450
122	376	901
122	450	901
123	206	214
123	206	677
123	206	762
123	208	236
123	208	267
123	208	677
123	208	698
123	214	267
123	214	677
123	236	698
123	267	677
123	677	698
123	677	762
123	698	762
124	136	225
124	136	243
124	136	592
124	136	597
124	194	309
124	194	315
124	194	452
124	194	816
124	225	309
124	225	597
124	225	651
124	225	843
124	243	315
124	243	592
124	243	817
124	309	651
124	309	816
124	315	452
124	315	817
124	452	592
124	452	651
124	452	816
124	452	817
124	452	843
124	592	597
124	592	817
124	592	843
124	597	843
124	651	816
124	651	843
125	126	226
125	126	259
125	126	385
125	126	901
125	226	901
125	237	259
125	237	386
125	237	450
125	259	385
125	259	386
125	385	386
125	385	450
125	385	901
125	386	450
125	450	901
126	148	259
126	148	385
126	148	922
126	172	226
126	172	899
126	226	899
126	226	901
126	259	385
126	385	901
126	385	922
126	899	901
126	899	922
126	901	922
127	130	217
127	130	231
127	130	798
127	208	263
127	208	267
127	208	668
127	208	777
127	217	267
127	217	581
127	217	798
127	231	263
127	231	581
127	231	668
127	231	798
127	263	668
127	267	581
127	267	777
127	581	668
127	581	777
127	581	798
127	668	777
128	129	246
128	129	256
128	129	687
128	129	923
128	137	242
128	137	261
128	137	512
128	137	704
128	242	246
128	242	512
128	242	687
128	246	687
128	256	261
128	256	923
128	261	372
128	261	704
128	261	923
128	372	512
128	372	687
128	372	704
128	372	923
128	512	687
128	512	704
128	687	923
129	229	246
129	229	525
129	229	844
129	229	923
129	246	681
129	246	687
129	246	844
129	256	923
129	525	681
129	525	687
129	525	844
129	525	923
129	681	687
129	681	844
129	687	923
130	217	233
130	217	753
130	217	798
130	223	233
130	223	471
130	223	603
130	227	231
130	227	319
130	227	374
130	227	798
130	231	798
130	233	471
130	233	753
130	319	374
130	319	603
130	374	603
130	374	753
130	374	798
130	471	603
130	471	753
130	603	753
130	753	798
131	132	171
131	132	240
131	132	921
131	171	244
131	171	908
131	171	909
131	171	921
131	240	248
131	240	908
131	240	921
131	244	909
131	248	908
131	248	909
131	908	909
131	908	921
132	141	160
132	141	171
132	141	921
132	160	240
132	160	921
132	171	921
132	240	921
133	134	235
133	134	258
133	134	910
133	134	912
133	151	177
133	151	262
133	151	911
133	151	945
133	177	911
133	235	270
133	235	912
133	258	262
133	258	910
133	262	910
133	262	945
133	270	911
133	270	912
133	910	911
133	910	912
133	910	945
133	911	912
133	911	945
134	157	258
134	157	904
134	157	910
134	235	255
134	235	912
134	255	912
134	255	917
134	258	910
134	904	910
134	904	912
134	904	917
134	910	912
134	912	917
135	139	168
135	139	248
135	139	906
135	168	906
135	248	268
135	248	906
135	248	907
135	251	268
135	251	907
135	268	907
135	906	907
136	153	225
136	153	671
136	185	243
136	185	373
136	185	673
136	225	597
136	225	671
136	243	592
136	243	673
136	373	671
136	373	673
136	592	597
136	592	673
136	597	671
136	597	673
136	671	673
137	149	242
137	149	370
137	149	512
137	181	232
137	181	514
137	181	613
137	232	261
137	232	613
137	232	704
137	242	512
137	261	704
137	370	512
137	370	514
137	370	613
137	512	613
137	512	704
137	514	613
137	613	704
138	152	153
138	152	497
138	153	455
138	153	497
138	153	709
138	153	968
138	251	611
138	251	680
138	382	486
138	382	497
138	382	664
138	455	497
138	455	664
138	455	709
138	464	486
138	464	664
138	464	680
138	464	709
138	464	968
138	486	611
138	486	664
138	486	680
138	497	664
138	611	680
138	664	709
138	709	968
139	168	906
139	168	938
139	240	248
139	240	908
139	240	955
139	240	966
139	248	906
139	248	908
139	906	908
139	906	938
139	906	966
139	908	966
139	938	966
139	955	966
140	150	164
140	150	902
140	164	898
140	164	902
140	172	899
140	898	899
140	898	902
140	899	902
141	160	165
141	160	921
141	165	393
141	165	402
141	165	921
141	171	265
141	171	393
141	171	921
141	265	393
141	265	402
141	393	402
141	393	921
142	155	164
142	155	490
142	155	670
142	155	898
142	164	448
142	164	898
142	448	490
142	448	838
142	448	898
142	477	490
142	477	670
142	477	838
142	490	670
142	490	838
142	490	898
143	146	269
143	146	273
143	146	920
143	170	177
143	170	269
143	170	689
143	170	804
143	170	847
143	177	634
143	177	804
143	177	932
143	269	847
143	269	920
143	273	920
143	273	932
143	620	634
143	620	689
143	620	804
143	620	920
143	620	932
143	634	804
143	634	932
143	689	804
143	689	847
143	689	920
143	847	920
143	920	932
144	155	227
144	155	808
144	155	903
144	227	319
144	227	808
144	249	903
144	319	808
144	319	903
144	808	903
145	166	250
145	166	403
145	166	517
145	166	930
145	245	357
145	245	499
145	245	917
145	250	904
145	250	930
145	357	403
145	357	499
145	357	904
145	357	917
145	403	499
145	403	517
145	403	904
145	403	930
145	499	517
145	904	917
145	904	930
146	162	273
146	162	920
146	269	920
146	273	920
147	148	163
147	148	259
147	148	395
147	148	922
147	163	922
147	259	395
147	388	395
147	388	504
147	388	922
147	391	395
147	391	396
147	391	504
147	395	504
147	395	922
147	396	504
148	163	922
148	259	385
148	259	395
148	385	395
148	385	922
148	395	922
149	179	489
149	242	489
149	242	512
149	370	489
149	370	512
149	489	512
150	164	902
150	173	902
150	178	902
151	177	911
151	177	932
151	177	945
151	262	945
151	911	945
151	932	945
152	153	497
152	153	708
152	158	184
152	158	379
152	158	623
152	181	322
152	181	685
152	184	322
152	184	623
152	322	623
152	322	685
152	379	497
152	379	623
152	379	708
152	379	823
152	497	708
152	623	685
152	623	823
152	685	823
152	708	823
153	225	462
153	225	671
153	225	709
153	225	968
153	455	462
153	455	497
153	455	671
153	455	708
153	455	709
153	462	671
153	462	709
153	497	708
153	671	708
153	709	968
154	165	925
154	165	927
154	925	927
154	925	956
154	927	956
155	164	898
155	227	670
155	227	808
155	490	604
155	490	670
155	490	898
155	604	670
155	604	808
155	604	898
155	604	903
155	670	808
155	808	903
155	898	903
156	210	243
156	210	260
156	210	549
156	219	254
156	219	260
156	219	430
156	243	549
156	243	702
156	254	430
156	254	686
156	260	430
156	260	549
156	430	549
156	430	686
156	549	686
156	549	702
156	686	702
157	250	904
157	258	910
157	904	910
158	175	184
158	175	897
158	175	936
158	184	465
158	184	623
158	184	936
158	366	379
158	366	465
158	366	897
158	379	465
158	379	623
158	465	623
158	465	897
158	465	936
158	897	936
159	168	957
159	896	934
159	896	957
159	934	957
160	165	921
160	165	962
160	240	921
160	240	955
160	921	955
160	921	962
160	955	962
161	253	292
161	253	304
161	253	347
161	253	659
161	282	304
161	282	345
161	282	659
161	282	724
161	292	317
161	292	347
161	304	659
161	317	345
161	317	347
161	317	827
161	345	724
161	345	827
161	347	659
161	347	724
161	347	827
161	659	724
161	724	827
162	273	920
162	273	949
162	920	928
162	920	949
162	928	949
164	448	898
164	448	902
164	898	902
165	393	402
165	393	502
165	393	921
165	393	933
165	402	502
165	402	925
165	502	925
165	502	933
165	502	952
165	921	933
165	921	962
165	925	927
165	925	952
165	927	952
165	927	962
165	933	952
165	933	962
165	952	962
166	167	960
166	250	930
166	403	517
166	403	930
166	403	947
166	517	947
166	517	960
166	930	947
166	947	960
167	169	943
167	943	960
168	906	938
168	906	957
168	938	957
169	943	953
170	177	804
170	177	911
170	264	269
170	264	272
170	264	375
170	264	501
170	264	607
170	269	375
170	269	847
170	272	607
170	272	701
170	272	911
170	375	454
170	375	501
170	375	689
170	375	847
170	454	467
170	454	501
170	454	607
170	454	689
170	454	701
170	454	804
170	467	701
170	467	804
170	467	911
170	501	607
170	607	701
170	689	804
170	689	847
170	701	911
170	804	911
171	244	909
171	265	352
171	265	393
171	265	526
171	352	518
171	352	526
171	352	644
171	393	518
171	393	524
171	393	526
171	393	921
171	518	524
171	518	526
171	518	644
171	518	909
171	524	908
171	524	909
171	524	921
171	644	909
171	908	909
171	908	921
172	226	899
173	900	902
173	900	913
173	900	914
173	902	913
173	913	914
174	191	285
174	191	570
174	239	284
174	239	296
174	239	723
174	239	770
174	284	770
174	285	296
174	285	570
174	285	761
174	296	723
174	296	761
174	570	723
174	570	761
174	570	770
174	723	761
174	723	770
175	184	936
175	897	936
175	897	958
175	936	958
176	289	328
176	289	337
176	289	721
176	293	328
176	293	333
176	293	692
176	293	740
176	328	692
176	328	721
176	330	333
176	330	346
176	330	429
176	333	429
176	333	740
176	337	346
176	337	721
176	337	743
176	346	429
176	346	743
176	429	692
176	429	740
176	429	743
176	692	721
176	692	740
176	692	743
176	721	743
177	475	634
177	475	804
177	475	911
177	475	945
177	634	804
177	634	932
177	634	945
177	804	911
177	911	945
177	932	945
178	902	937
179	360	529
179	360	683
179	360	905
179	489	529
179	489	683
179	529	683
179	529	905
180	218	228
180	218	578
180	218	903
180	223	557
180	223	588
180	228	578
180	228	734
180	557	588
180	557	792
180	578	588
180	578	734
180	578	792
180	578	903
180	588	792
180	588	903
180	734	792
181	185	232
181	185	378
181	232	378
181	232	613
181	322	514
181	322	685
181	378	514
181	378	613
181	378	685
181	514	613
181	514	685
183	184	367
183	184	484
183	367	484
183	367	834
183	367	837
183	484	837
183	834	837
184	322	484
184	322	623
184	367	414
184	367	484
184	367	936
184	414	465
184	414	484
184	414	936
184	465	484
184	465	623
184	465	936
184	484	623
185	232	261
185	232	378
185	232	427
185	243	673
185	243	702
185	261	427
185	373	378
185	373	673
185	378	427
185	378	673
185	378	702
185	427	702
185	673	702
186	188	277
186	188	338
186	188	548
186	188	795
186	196	290
186	196	324
186	196	439
186	196	625
186	277	336
186	277	548
186	277	828
186	290	338
186	290	439
186	324	336
186	324	625
186	324	717
186	336	717
186	336	828
186	338	439
186	338	795
186	439	625
186	439	773
186	439	795
186	548	773
186	548	795
186	548	828
186	625	717
186	625	773
186	717	773
186	717	828
186	773	795
186	773	828
187	188	277
187	188	335
187	188	797
187	277	340
187	277	797
187	288	318
187	288	340
187	288	476
187	318	335
187	318	476
187	318	674
187	335	674
187	335	797
187	340	476
187	340	797
187	476	674
187	476	797
187	674	797
188	277	548
188	277	797
188	286	287
188	286	335
188	286	582
188	286	727
188	287	338
188	287	582
188	335	727
188	335	797
188	338	582
188	338	795
188	548	582
188	548	727
188	548	795
188	548	797
188	582	727
188	582	795
188	727	797
189	196	302
189	196	324
189	196	625
189	196	751
189	284	302
189	284	332
189	284	751
189	302	751
189	324	332
189	324	625
189	324	791
189	332	751
189	332	791
189	625	751
189	625	791
189	751	791
190	195	288
190	195	304
190	195	679
190	195	738
190	275	304
190	275	343
190	275	573
190	275	786
190	288	343
190	288	738
190	288	812
190	304	679
190	304	786
190	343	573
190	343	679
190	343	812
190	573	679
190	573	786
190	679	738
190	679	786
190	679	812
190	738	812
191	192	285
191	192	299
191	192	444
191	192	449
191	211	299
191	211	800
191	211	821
191	285	444
191	285	570
191	285	593
191	299	449
191	299	821
191	444	449
191	444	593
191	449	570
191	449	593
191	449	800
191	449	821
191	570	593
191	570	800
191	800	821
192	224	285
192	224	444
192	285	444
192	299	449
192	299	752
192	444	449
192	444	752
192	449	752
193	198	283
193	198	311
193	198	594
193	202	283
193	202	344
193	202	442
193	283	442
193	283	594
193	311	564
193	311	594
193	314	564
193	314	766
193	344	442
193	344	766
193	442	564
193	442	594
193	442	766
193	564	594
193	564	766
194	281	315
194	281	316
194	281	434
194	281	633
194	309	816
194	315	434
194	315	452
194	316	633
194	316	657
194	434	452
194	434	633
194	452	633
194	452	816
194	633	657
194	633	816
194	657	816
195	288	320
195	288	738
195	304	463
195	304	679
195	304	789
195	320	738
195	320	782
195	463	679
195	463	782
195	463	789
195	679	738
195	679	782
195	738	782
195	782	789
196	211	290
196	211	750
196	290	439
196	290	750
196	302	751
196	302	805
196	324	625
196	439	625
196	439	750
196	625	750
196	625	751
196	625	805
196	750	805
196	751	805
197	204	206
197	204	215
197	204	506
197	204	589
197	206	307
197	206	589
197	206	757
197	215	323
197	215	506
197	215	807
197	307	339
197	307	757
197	323	339
197	323	574
197	323	807
197	339	574
197	339	757
197	506	574
197	506	589
197	506	807
197	574	589
197	574	757
197	574	807
197	589	757
198	212	291
198	212	438
198	212	811
198	283	291
198	283	438
198	283	594
198	291	438
198	297	311
198	297	842
198	311	594
198	311	741
198	311	842
198	438	594
198	438	643
198	438	811
198	594	643
198	594	741
198	643	741
198	643	811
198	643	842
198	741	842
199	203	252
199	203	300
199	203	737
199	203	809
199	205	306
199	205	308
199	205	368
199	205	758
199	252	306
199	252	368
199	252	737
199	295	300
199	295	308
199	295	561
199	300	561
199	300	809
199	306	368
199	308	561
199	308	722
199	308	758
199	368	722
199	368	737
199	368	758
199	368	809
199	561	722
199	561	809
199	722	758
199	722	809
199	737	809
200	221	230
200	221	350
200	221	654
200	230	458
200	230	628
200	230	654
200	297	311
200	297	660
200	311	458
200	311	660
200	350	628
200	350	653
200	350	654
200	458	628
200	458	653
200	458	660
200	628	653
200	628	654
200	653	660
201	209	316
201	209	317
201	209	515
201	281	292
201	281	316
201	281	609
201	281	636
201	292	317
201	292	609
201	292	694
201	316	515
201	316	636
201	317	515
201	317	694
201	515	636
201	515	694
201	609	636
201	609	694
201	636	694
202	219	294
202	219	612
202	219	813
202	219	923
202	229	344
202	229	745
202	229	923
202	283	294
202	283	442
202	283	576
202	283	813
202	294	813
202	344	442
202	344	576
202	344	745
202	442	576
202	576	612
202	576	745
202	576	813
202	612	745
202	612	813
202	612	923
202	745	923
203	239	300
203	239	796
203	239	801
203	252	737
203	252	810
203	300	796
203	300	809
203	300	829
203	472	658
203	472	796
203	472	801
203	472	810
203	658	737
203	658	796
203	658	809
203	658	810
203	658	829
203	737	809
203	737	810
203	796	801
203	796	829
203	809	829
204	206	589
204	206	762
204	215	506
204	506	562
204	506	589
204	506	739
204	562	589
204	562	739
204	562	762
204	589	762
205	247	306
205	247	342
205	247	585
205	247	731
205	306	368
205	306	585
205	308	563
205	308	758
205	342	563
205	342	731
205	368	585
205	368	731
205	368	758
205	563	731
205	563	758
205	585	731
205	731	758
206	214	307
206	214	677
206	214	755
206	214	757
206	307	757
206	589	755
206	589	757
206	589	762
206	677	755
206	677	762
206	755	757
206	755	762
207	236	310
207	236	479
207	236	481
207	236	579
207	266	309
207	266	310
207	266	479
207	266	662
207	305	309
207	305	349
207	305	639
207	309	349
207	309	662
207	310	479
207	349	639
207	349	662
207	479	481
207	479	639
207	479	662
207	481	579
207	481	639
207	579	639
207	639	662
208	236	263
208	236	397
208	236	698
208	263	397
208	263	668
208	267	440
208	267	677
208	267	777
208	397	440
208	397	668
208	397	698
208	440	668
208	440	677
208	440	698
208	440	777
208	668	777
208	677	698
209	215	316
209	215	323
209	215	406
209	215	822
209	316	515
209	316	822
209	317	515
209	317	575
209	323	406
209	323	606
209	406	515
209	406	601
209	406	606
209	406	822
209	515	575
209	515	601
209	515	822
209	575	601
209	601	606
210	243	315
210	243	549
210	243	568
210	260	303
210	260	549
210	281	303
210	281	315
210	281	568
210	303	549
210	303	568
210	315	568
210	549	568
211	290	446
211	290	656
211	290	750
211	299	591
211	299	821
211	446	591
211	446	656
211	446	750
211	446	800
211	446	821
211	591	656
211	591	821
211	750	800
211	800	821
212	288	318
212	288	320
212	288	584
212	288	799
212	291	320
212	291	438
212	291	785
212	318	602
212	318	799
212	320	584
212	320	760
212	320	785
212	438	760
212	438	785
212	438	811
212	584	602
212	584	760
212	584	799
212	602	760
212	602	799
212	602	811
212	760	785
212	760	811
213	221	313
213	221	654
213	238	915
213	238	916
213	313	447
213	313	590
213	313	654
213	443	447
213	443	654
213	443	915
213	443	916
213	447	590
213	447	654
213	447	915
213	590	915
213	654	916
213	915	916
214	247	307
214	247	432
214	247	763
214	267	677
214	267	747
214	307	432
214	307	757
214	432	677
214	432	747
214	432	755
214	432	757
214	432	763
214	677	747
214	677	755
214	747	763
214	755	757
215	316	657
215	316	822
215	323	406
215	323	807
215	406	506
215	406	807
215	406	822
215	506	657
215	506	807
215	506	822
215	657	822
216	236	263
216	236	310
216	236	397
216	236	675
216	244	310
216	244	909
216	263	397
216	310	675
216	310	682
216	310	909
216	397	460
216	397	675
216	460	675
216	460	682
216	460	909
216	675	682
216	682	909
217	233	560
217	233	753
217	267	560
217	267	581
217	560	581
217	560	753
217	581	753
217	581	798
217	753	798
218	226	228
218	226	249
218	226	901
218	226	903
218	228	578
218	228	901
218	249	903
218	578	901
218	578	903
218	901	903
219	254	430
219	254	923
219	260	294
219	260	430
219	294	426
219	294	430
219	294	813
219	426	430
219	426	605
219	426	612
219	426	813
219	430	605
219	430	923
219	605	612
219	605	923
219	612	813
219	612	923
220	234	354
220	234	461
220	234	645
220	237	386
220	237	468
220	354	461
220	354	631
220	386	468
220	386	631
220	461	631
220	461	645
220	468	631
220	468	645
220	631	645
221	230	654
221	313	350
221	313	654
221	350	654
222	238	915
222	255	918
222	257	918
222	915	918
223	233	252
223	233	471
223	233	637
223	252	557
223	252	637
223	471	557
223	471	603
223	471	637
223	471	806
223	557	588
223	557	637
223	557	732
223	557	806
223	588	732
223	603	732
223	603	806
223	732	806
224	228	617
224	228	832
224	285	444
224	285	617
224	285	832
224	444	469
224	444	617
224	469	617
224	617	832
225	266	309
225	266	648
225	266	841
225	309	648
225	309	651
225	309	790
225	462	595
225	462	597
225	462	651
225	462	671
225	462	709
225	462	843
225	464	595
225	464	709
225	464	841
225	464	968
225	595	648
225	595	651
225	595	709
225	595	790
225	595	841
225	597	671
225	597	843
225	648	790
225	648	841
225	651	790
225	651	843
225	709	968
226	228	901
226	249	903
226	899	901
226	899	903
226	901	903
227	231	507
227	231	649
227	231	798
227	319	374
227	319	808
227	374	716
227	374	798
227	374	808
227	507	649
227	507	716
227	649	716
227	649	798
227	670	716
227	670	808
227	716	798
227	716	808
228	376	536
228	376	586
228	376	901
228	536	586
228	536	617
228	536	734
228	536	832
228	578	586
228	578	734
228	578	901
228	586	734
228	586	901
228	617	832
228	734	832
229	246	271
229	246	844
229	271	344
229	271	745
229	271	844
229	344	745
229	525	745
229	525	844
229	525	923
229	745	844
229	745	923
230	314	608
230	314	626
230	458	626
230	458	628
230	608	626
230	608	695
230	626	628
230	626	695
230	626	814
230	628	630
230	628	654
230	628	814
230	630	654
230	630	814
230	695	814
231	263	505
231	263	668
231	474	505
231	474	507
231	474	581
231	474	649
231	474	668
231	505	668
231	507	649
231	581	649
231	581	668
231	581	798
231	649	798
232	261	427
232	261	704
232	378	427
232	378	613
232	427	613
232	427	704
232	613	704
233	252	306
233	252	637
233	306	637
233	306	815
233	471	637
233	471	753
233	471	815
233	560	753
233	560	815
233	637	815
233	753	815
234	354	461
234	354	528
234	461	528
234	461	645
234	461	655
234	528	531
234	528	655
234	531	655
234	645	655
235	241	270
235	241	312
235	241	924
235	255	912
235	255	919
235	270	912
235	270	924
235	312	919
235	312	924
235	912	919
235	912	924
235	919	924
236	263	397
236	310	479
236	310	675
236	397	481
236	397	675
236	397	698
236	479	481
236	479	675
236	481	579
236	481	675
236	481	698
236	579	698
237	259	386
237	386	450
237	386	468
237	450	468
238	915	916
239	284	300
239	284	559
239	284	566
239	284	770
239	296	666
239	296	723
239	296	787
239	300	566
239	300	796
239	559	566
239	559	723
239	559	770
239	559	787
239	559	796
239	559	801
239	566	796
239	666	787
239	666	801
239	723	770
239	723	787
239	787	801
239	796	801
240	248	908
240	908	921
240	908	966
240	921	955
240	921	966
240	955	966
241	270	924
241	272	924
241	312	321
241	312	924
241	321	924
242	246	480
242	246	687
242	480	489
242	480	687
242	489	512
242	489	687
242	512	687
243	315	568
243	315	817
243	433	549
243	433	568
243	433	592
243	433	673
243	433	702
243	433	817
243	549	568
243	549	702
243	568	817
243	592	673
243	592	817
243	673	702
244	310	909
245	257	487
245	257	693
245	257	917
245	357	487
245	357	499
245	357	917
245	392	487
245	392	499
245	392	693
245	487	499
245	487	693
245	487	917
246	271	369
246	271	844
246	369	616
246	369	681
246	369	844
246	480	616
246	480	681
246	480	687
246	616	681
246	681	687
246	681	844
247	306	585
247	306	763
247	307	334
247	307	432
247	307	624
247	334	342
247	334	624
247	334	775
247	342	731
247	342	749
247	342	775
247	432	624
247	432	749
247	432	763
247	432	775
247	585	731
247	585	749
247	585	763
247	624	775
247	731	749
247	749	763
247	749	775
248	268	907
248	268	909
248	906	907
248	906	908
248	907	908
248	907	909
248	908	909
250	904	930
251	268	907
251	268	909
251	380	611
251	380	680
251	380	907
251	380	909
251	611	680
251	611	907
251	907	909
252	306	368
252	306	637
252	368	637
252	368	737
252	557	637
252	557	737
252	557	810
252	637	737
252	737	810
253	292	347
253	292	776
253	304	659
253	304	789
253	347	659
253	347	776
253	659	776
253	659	789
253	776	789
254	256	261
254	256	923
254	261	427
254	261	923
254	427	686
254	427	923
254	430	686
254	430	923
254	686	923
255	912	917
255	912	918
255	912	919
255	917	918
255	918	919
256	261	923
257	421	487
257	421	825
257	421	917
257	421	918
257	487	693
257	487	825
257	487	917
257	693	825
257	917	918
258	262	910
258	262	967
258	910	967
259	385	386
259	385	395
259	386	395
259	386	500
259	395	500
260	294	430
260	294	768
260	303	549
260	303	572
260	430	549
260	430	572
260	430	768
260	549	572
260	572	768
261	372	427
261	372	704
261	372	923
261	427	704
261	427	923
262	910	945
262	910	967
262	945	967
263	397	505
263	397	668
263	505	668
264	269	375
264	269	509
264	272	607
264	375	501
264	375	509
264	375	621
264	501	607
264	501	621
264	509	621
265	352	523
265	352	526
265	352	710
265	393	402
265	393	523
265	393	526
265	402	496
265	402	523
265	477	496
265	477	710
265	496	523
265	496	710
265	523	526
265	523	710
266	309	648
266	309	662
266	310	479
266	310	676
266	479	662
266	479	676
266	488	648
266	488	662
266	488	676
266	488	841
266	648	662
266	648	841
266	662	676
267	440	677
267	440	769
267	440	777
267	560	581
267	560	747
267	560	769
267	581	769
267	581	777
267	677	747
267	677	769
267	747	769
267	769	777
268	907	909
269	375	509
269	375	598
269	375	847
269	470	598
269	470	616
269	470	920
269	509	598
269	509	616
269	598	616
269	598	847
269	598	920
269	847	920
270	911	912
270	911	924
270	912	924
271	344	638
271	344	745
271	369	638
271	369	672
271	369	745
271	369	844
271	638	672
271	638	745
271	745	844
272	607	701
272	607	924
272	701	911
272	701	924
272	911	924
273	920	932
273	920	949
273	920	965
273	932	949
273	932	965
273	949	965
274	276	298
274	276	333
274	276	729
274	276	767
274	278	324
274	278	330
274	278	718
274	278	726
274	298	332
274	298	428
274	298	729
274	324	332
274	324	428
274	324	726
274	330	333
274	330	583
274	330	718
274	332	428
274	333	583
274	333	767
274	428	718
274	428	726
274	428	729
274	428	767
274	583	718
274	583	767
274	718	726
274	718	767
274	729	767
275	282	304
275	282	326
275	282	736
275	282	786
275	282	820
275	304	786
275	326	337
275	326	820
275	331	343
275	331	346
275	331	577
275	331	742
275	337	346
275	337	742
275	337	820
275	343	573
275	343	577
275	346	742
275	573	577
275	573	736
275	573	742
275	573	786
275	573	820
275	577	742
275	736	786
275	736	820
275	742	820
276	295	298
276	295	308
276	295	733
276	298	729
276	298	733
276	308	329
276	308	733
276	329	333
276	329	550
276	329	733
276	333	550
276	333	767
276	333	783
276	550	729
276	550	733
276	550	783
276	729	733
276	729	767
276	729	783
276	767	783
277	278	325
277	278	336
277	278	555
277	279	325
277	279	340
277	279	784
277	325	555
277	325	784
277	336	555
277	336	828
277	340	784
277	340	797
277	548	784
277	548	797
277	548	828
277	555	784
277	555	828
277	784	797
277	784	828
278	324	336
278	324	726
278	325	330
278	325	555
278	325	778
278	330	718
278	330	778
278	336	555
278	336	726
278	555	718
278	555	726
278	555	778
278	718	726
278	718	778
279	325	331
279	325	551
279	325	784
279	327	340
279	327	343
279	327	765
279	331	343
279	331	551
279	331	765
279	340	765
279	340	784
279	343	765
279	551	765
279	551	784
279	765	784
280	289	328
280	289	756
280	293	328
280	293	441
280	293	793
280	328	441
280	328	756
280	334	339
280	334	342
280	334	764
280	339	435
280	339	764
280	342	558
280	342	764
280	342	793
280	435	713
280	435	756
280	435	764
280	441	713
280	441	756
280	441	793
280	558	713
280	558	764
280	558	793
280	713	756
280	713	764
280	713	793
281	292	303
281	292	609
281	292	746
281	303	568
281	303	746
281	315	434
281	315	568
281	316	633
281	316	636
281	434	568
281	434	609
281	434	633
281	434	636
281	434	746
281	568	746
281	609	636
281	609	746
281	633	636
282	304	463
282	304	659
282	304	786
282	326	345
282	326	554
282	326	719
282	326	820
282	345	719
282	345	724
282	463	659
282	463	736
282	463	786
282	554	719
282	554	724
282	554	736
282	554	820
282	659	724
282	659	736
282	719	724
282	724	736
282	736	786
282	736	820
283	291	294
283	291	438
283	291	650
283	294	650
283	294	813
283	438	594
283	438	650
283	438	780
283	442	576
283	442	594
283	442	780
283	576	650
283	576	780
283	576	813
283	594	780
283	650	780
283	650	813
284	295	298
284	295	300
284	295	566
284	295	730
284	298	332
284	298	730
284	298	830
284	300	566
284	302	553
284	302	751
284	332	751
284	332	830
284	553	725
284	553	751
284	553	770
284	559	566
284	559	725
284	559	770
284	566	725
284	566	730
284	725	730
284	725	751
284	725	770
284	725	830
284	730	830
284	751	830
285	296	371
285	296	761
285	296	832
285	371	593
285	371	617
285	371	641
285	371	761
285	371	832
285	444	593
285	444	617
285	444	641
285	570	593
285	570	761
285	593	641
285	593	761
285	617	641
285	617	832
286	287	540
286	287	582
286	297	301
286	297	660
286	301	335
286	301	660
286	301	727
286	301	781
286	335	727
286	540	582
286	540	653
286	540	781
286	582	727
286	582	781
286	653	660
286	653	781
286	660	781
286	727	781
287	290	338
287	290	615
287	290	656
287	338	582
287	338	615
287	419	540
287	419	615
287	419	619
287	540	582
287	540	615
287	582	615
287	615	619
287	615	656
287	619	656
288	318	476
288	318	799
288	320	584
288	320	738
288	327	340
288	327	343
288	327	703
288	327	812
288	340	476
288	340	703
288	343	812
288	476	584
288	476	703
288	476	799
288	584	703
288	584	738
288	584	799
288	584	812
288	703	812
288	738	812
289	326	337
289	326	819
289	328	721
289	328	756
289	337	721
289	337	819
289	567	721
289	567	756
289	567	819
289	721	756
289	721	819
290	338	439
290	338	615
290	439	446
290	439	615
290	439	656
290	439	750
290	446	656
290	446	750
290	615	656
291	294	580
291	294	650
291	294	735
291	320	580
291	320	735
291	320	785
291	438	650
291	438	785
291	580	735
291	650	735
291	650	785
291	735	785
292	303	720
292	303	746
292	303	776
292	317	347
292	317	694
292	347	609
292	347	694
292	347	720
292	347	746
292	347	776
292	609	694
292	609	746
292	720	746
292	720	776
293	328	441
293	328	692
293	329	333
293	329	740
293	329	774
293	333	740
293	441	692
293	441	774
293	441	793
293	692	740
293	692	774
293	740	774
293	774	793
294	426	430
294	426	650
294	426	735
294	426	744
294	426	813
294	430	744
294	430	768
294	580	735
294	580	744
294	650	735
294	650	813
294	735	744
294	744	768
295	298	730
295	298	733
295	300	561
295	300	566
295	308	561
295	308	733
295	561	566
295	561	730
295	561	733
295	566	730
295	730	733
296	371	666
296	371	723
296	371	761
296	371	787
296	371	832
296	666	787
296	666	832
296	723	761
296	723	787
297	301	660
297	301	842
297	311	660
297	311	842
297	660	842
298	332	428
298	332	830
298	428	729
298	428	730
298	428	830
298	729	730
298	729	733
298	730	733
298	730	830
299	341	569
299	341	591
299	341	752
299	449	569
299	449	752
299	449	821
299	569	591
299	569	752
299	569	821
299	591	821
300	561	566
300	561	796
300	561	809
300	561	829
300	566	796
300	796	829
300	809	829
301	318	335
301	318	674
301	335	674
301	335	727
301	348	660
301	348	674
301	348	727
301	348	781
301	348	842
301	660	781
301	660	842
301	674	727
301	727	781
302	553	751
302	553	805
302	751	805
303	549	568
303	549	572
303	549	720
303	568	720
303	568	746
303	572	720
303	572	776
303	720	746
303	720	776
304	463	659
304	463	679
304	463	786
304	463	789
304	659	789
304	679	786
305	309	349
305	349	639
305	349	739
305	639	739
306	368	585
306	368	637
306	585	587
306	585	637
306	585	763
306	585	815
306	587	763
306	587	815
306	637	815
307	334	339
307	334	624
307	339	624
307	339	757
307	432	624
307	432	757
307	624	757
308	329	563
308	329	722
308	329	733
308	561	722
308	561	733
308	563	722
308	563	758
308	722	733
308	722	758
309	349	648
309	349	651
309	349	662
309	349	790
309	349	816
309	648	662
309	648	790
309	651	790
309	651	816
310	479	675
310	479	676
310	479	682
310	479	909
310	675	682
310	676	909
310	682	909
311	458	660
311	458	741
311	458	833
311	564	594
311	564	741
311	564	833
311	594	741
311	660	741
311	660	842
311	741	833
311	741	842
312	321	916
312	321	924
312	916	919
312	916	924
312	919	924
313	341	590
313	341	697
313	350	447
313	350	654
313	350	836
313	447	590
313	447	654
313	447	697
313	447	836
313	590	697
313	697	836
314	564	766
314	564	833
314	608	626
314	608	766
314	608	833
314	626	833
314	766	833
315	434	452
315	434	568
315	434	817
315	452	817
315	568	817
316	515	633
316	515	636
316	515	822
316	633	636
316	633	657
316	633	822
316	657	822
317	345	575
317	345	827
317	347	694
317	347	827
317	515	575
317	515	694
317	575	694
317	575	827
317	694	827
318	335	674
318	476	674
318	476	799
318	602	674
318	602	799
318	674	799
319	374	603
319	374	627
319	374	808
319	603	627
319	627	808
319	627	903
319	808	903
320	556	580
320	556	735
320	556	738
320	556	760
320	556	782
320	556	785
320	556	835
320	580	735
320	580	782
320	584	738
320	584	760
320	584	835
320	735	785
320	738	782
320	738	835
320	760	785
320	760	835
321	445	824
321	445	916
321	445	924
321	824	924
321	916	924
322	484	514
322	484	623
322	484	685
322	514	685
322	623	685
323	339	574
323	339	606
323	406	606
323	406	807
323	574	606
323	574	807
323	606	807
324	332	428
324	332	791
324	336	717
324	336	726
324	428	726
324	428	791
324	625	717
324	625	791
324	717	726
324	717	791
324	726	791
325	330	331
325	330	759
325	330	778
325	331	551
325	331	759
325	551	555
325	551	759
325	551	778
325	551	784
325	555	778
325	555	784
325	759	778
326	337	554
326	337	819
326	337	820
326	345	719
326	554	719
326	554	819
326	554	820
326	719	819
327	340	703
327	340	765
327	343	384
327	343	765
327	343	812
327	384	703
327	384	765
327	384	812
327	703	765
327	703	812
328	441	692
328	441	721
328	441	756
328	692	721
328	721	756
329	333	550
329	333	740
329	550	563
329	550	722
329	550	733
329	550	740
329	550	774
329	563	722
329	563	774
329	722	733
329	740	774
330	331	346
330	331	759
330	333	429
330	333	583
330	346	429
330	346	759
330	429	583
330	429	759
330	583	718
330	583	759
330	583	778
330	718	778
330	759	778
331	343	577
331	343	765
331	346	742
331	346	759
331	346	794
331	551	577
331	551	759
331	551	765
331	577	742
331	577	759
331	577	765
331	577	794
331	742	794
331	759	794
332	428	751
332	428	791
332	428	830
332	751	791
332	751	830
333	429	583
333	429	740
333	550	740
333	550	783
333	583	740
333	583	767
333	583	783
333	740	783
333	767	783
334	339	624
334	339	764
334	342	764
334	342	775
334	624	764
334	624	775
334	764	775
335	674	727
335	674	797
335	727	797
336	555	726
336	555	828
336	717	726
336	717	828
336	726	828
337	346	742
337	346	743
337	554	721
337	554	742
337	554	743
337	554	819
337	554	820
337	721	743
337	721	819
337	742	743
337	742	820
338	439	615
338	439	795
338	582	615
338	582	795
338	615	795
339	435	574
339	435	606
339	435	764
339	574	606
339	574	624
339	574	757
339	574	764
339	624	757
339	624	764
340	476	703
340	476	784
340	476	797
340	703	765
340	703	784
340	765	784
340	784	797
341	510	569
341	510	697
341	510	752
341	510	771
341	569	591
341	569	697
341	569	752
341	590	697
341	590	771
341	591	697
341	697	771
342	558	563
342	558	731
342	558	749
342	558	764
342	558	775
342	558	793
342	563	731
342	563	793
342	731	749
342	749	775
342	764	775
343	384	573
343	384	577
343	384	679
343	384	765
343	384	812
343	573	577
343	573	679
343	577	765
343	679	812
344	442	576
344	442	638
344	442	766
344	576	638
344	576	745
344	638	745
344	638	766
345	575	719
345	575	827
345	719	724
345	719	827
345	724	827
346	429	743
346	429	759
346	429	794
346	742	743
346	742	794
346	743	794
346	759	794
347	609	694
347	609	746
347	659	724
347	659	776
347	694	827
347	720	746
347	720	776
347	724	827
348	602	643
348	602	674
348	643	842
348	660	781
348	660	842
348	674	727
348	727	781
349	639	662
349	639	739
349	648	662
349	648	790
349	651	790
349	651	816
349	657	739
349	657	816
350	419	653
350	419	836
350	447	654
350	447	836
350	628	653
350	628	654
351	510	752
351	510	771
351	642	645
351	642	752
351	645	655
351	655	771
352	474	505
352	474	507
352	505	644
352	507	710
352	518	526
352	518	644
352	523	526
352	523	710
353	443	447
353	443	669
353	443	915
353	447	590
353	447	915
353	459	669
353	459	840
353	459	915
353	531	590
353	531	839
353	531	915
353	590	915
353	669	915
353	839	840
353	839	915
353	840	915
354	461	528
354	461	631
354	528	622
354	622	825
354	631	693
354	693	825
355	357	487
355	357	521
355	357	917
355	421	487
355	421	840
355	421	917
355	421	918
355	459	498
355	459	840
355	459	918
355	487	917
355	498	511
355	498	917
355	498	918
355	511	521
355	511	917
355	521	917
355	840	918
355	917	918
356	400	533
356	400	699
356	400	908
356	491	533
356	491	542
356	491	908
356	491	909
356	495	542
356	495	699
356	495	909
356	533	908
356	542	909
356	699	908
356	699	909
356	908	909
357	403	420
357	403	499
357	403	904
357	420	521
357	420	904
357	420	917
357	487	499
357	487	917
357	521	917
357	904	917
358	394	408
358	394	519
358	394	896
358	394	907
358	407	408
358	407	424
358	407	906
358	407	939
358	408	896
358	408	939
358	424	503
358	424	906
358	424	907
358	503	519
358	503	907
358	519	907
358	896	906
358	896	907
358	896	939
358	906	907
358	906	939
359	403	413
359	403	420
359	403	954
359	413	954
359	420	954
360	411	529
360	411	538
360	411	905
360	470	541
360	470	683
360	470	920
360	529	683
360	529	905
360	538	541
360	538	905
360	541	905
360	541	920
360	905	920
361	401	416
361	401	543
361	401	925
361	410	544
361	410	929
361	410	942
361	416	925
361	416	929
361	543	544
361	543	925
361	544	925
361	544	942
361	925	929
361	925	942
361	929	942
362	398	417
362	398	420
362	398	904
362	417	904
362	420	904
363	423	538
363	423	546
363	423	905
363	538	707
363	538	905
363	546	905
363	707	905
364	393	405
364	393	502
364	393	921
364	393	933
364	405	494
364	405	921
364	494	535
364	494	921
364	494	961
364	502	933
364	535	961
364	921	933
364	921	961
364	933	961
365	396	508
365	396	517
365	396	940
365	396	951
365	508	951
365	517	940
365	940	951
366	379	465
366	379	497
366	382	485
366	382	497
366	418	483
366	418	485
366	418	897
366	465	483
366	465	897
366	483	897
366	485	897
367	412	527
367	412	545
367	412	950
367	412	959
367	414	484
367	414	545
367	414	936
367	484	837
367	527	834
367	527	948
367	527	959
367	545	936
367	545	950
367	834	837
367	936	950
367	948	950
367	948	959
367	950	959
368	585	637
368	585	731
368	637	737
368	722	758
368	722	809
368	731	758
368	737	809
369	509	616
369	509	672
369	616	681
369	638	672
369	638	745
369	681	844
369	745	844
370	489	512
370	489	529
370	512	613
370	514	613
370	514	837
370	529	834
370	834	837
371	593	641
371	593	761
371	617	641
371	617	832
371	666	787
371	666	832
371	723	761
371	723	787
372	427	661
372	427	704
372	427	923
372	512	687
372	512	704
372	525	661
372	525	687
372	525	923
372	661	923
372	687	923
373	378	673
373	378	685
373	671	673
373	671	708
373	685	823
373	708	823
374	603	627
374	603	753
374	627	808
374	716	798
374	716	808
374	753	798
375	454	501
375	454	689
375	501	621
375	509	598
375	509	621
375	598	847
375	689	847
376	450	665
376	450	712
376	450	901
376	536	586
376	536	665
376	586	640
376	586	901
376	640	712
376	640	901
376	712	901
377	436	608
377	436	700
377	607	700
377	607	824
377	608	695
377	695	824
378	427	613
378	427	702
378	514	613
378	514	685
378	673	702
379	465	623
379	497	708
379	623	823
379	708	823
380	488	676
380	488	680
380	522	678
380	522	705
380	522	907
380	522	909
380	611	680
380	611	705
380	611	907
380	676	678
380	676	909
380	678	909
380	705	907
380	907	909
381	383	532
381	383	599
381	383	919
381	383	924
381	445	532
381	445	814
381	445	916
381	445	924
381	532	924
381	599	630
381	599	916
381	599	919
381	630	814
381	630	916
381	814	916
381	916	919
381	916	924
381	919	924
382	453	485
382	453	486
382	486	664
382	497	664
383	456	534
383	456	599
383	456	919
383	532	818
383	532	924
383	534	818
383	534	919
383	534	924
383	599	919
383	818	924
383	919	924
384	573	577
384	573	679
384	577	765
384	679	812
384	703	765
384	703	812
385	386	395
385	386	450
385	395	652
385	395	922
385	450	629
385	450	901
385	629	663
385	629	901
385	629	922
385	652	663
385	652	922
385	663	922
385	901	922
386	395	500
386	450	468
386	468	631
386	500	631
387	467	475
387	467	826
387	467	911
387	473	513
387	473	534
387	473	911
387	475	492
387	475	911
387	475	926
387	492	513
387	492	926
387	513	911
387	513	926
387	534	818
387	534	911
387	818	826
387	818	911
387	826	911
387	911	926
388	395	504
388	395	652
388	395	922
388	466	547
388	466	652
388	466	922
388	504	667
388	547	667
388	547	922
388	652	922
389	390	498
389	390	534
389	390	919
389	456	534
389	456	618
389	456	919
389	498	711
389	498	919
389	534	919
389	618	711
389	618	919
389	711	919
390	399	473
390	399	498
390	399	912
390	473	534
390	473	912
390	498	912
390	498	919
390	534	912
390	534	919
390	912	919
391	392	396
391	392	693
391	395	500
391	395	504
391	396	504
391	500	693
392	396	499
392	487	499
392	487	693
393	402	502
393	402	523
393	405	524
393	405	921
393	502	933
393	518	524
393	518	526
393	523	526
393	524	921
393	921	933
394	408	478
394	408	896
394	453	478
394	453	519
394	453	896
394	453	907
394	478	896
394	519	907
394	896	907
395	652	922
396	499	517
396	504	508
396	504	951
396	508	951
396	517	940
396	517	960
396	886	940
396	886	951
396	886	960
396	940	951
396	940	960
396	951	960
397	440	668
397	440	698
397	460	505
397	460	675
397	481	675
397	481	698
397	505	668
398	399	493
398	399	511
398	399	910
398	399	912
398	417	493
398	417	904
398	417	910
398	420	511
398	420	904
398	420	917
398	493	910
398	511	912
398	511	917
398	904	910
398	904	912
398	904	917
398	910	912
398	912	917
399	473	520
399	473	912
399	493	520
399	493	910
399	498	511
399	498	912
399	511	912
399	520	910
399	520	912
399	910	912
400	415	422
400	415	424
400	415	906
400	422	533
400	422	906
400	422	935
400	424	699
400	424	906
400	424	907
400	533	908
400	533	935
400	699	907
400	699	908
400	906	907
400	906	908
400	906	935
400	907	908
400	908	935
401	402	496
401	402	530
401	402	925
401	416	530
401	416	925
401	477	496
401	477	838
401	530	925
401	543	838
401	543	925
401	838	925
402	496	523
402	502	530
402	502	925
402	530	925
403	413	517
403	413	947
403	413	954
403	420	904
403	420	954
403	499	517
403	517	947
403	904	930
403	904	954
403	930	947
403	930	954
403	947	954
404	460	495
404	460	644
404	460	909
404	491	524
404	491	542
404	491	909
404	495	542
404	495	909
404	518	524
404	518	644
404	518	909
404	524	909
404	542	909
404	644	909
405	491	524
405	491	533
405	491	908
405	494	533
405	494	921
405	524	908
405	524	921
405	533	908
405	533	921
405	908	921
406	506	807
406	506	822
406	515	601
406	515	822
406	601	606
406	606	807
407	408	425
407	408	939
407	415	424
407	415	906
407	424	906
407	425	939
407	906	939
408	425	939
408	478	610
408	478	896
408	610	896
408	896	939
409	423	541
409	423	546
409	423	920
409	457	541
409	457	714
409	457	920
409	541	920
409	546	647
409	546	920
409	647	714
409	647	920
409	714	920
410	544	684
410	544	942
410	684	942
410	929	942
411	527	529
411	527	707
411	527	905
411	529	905
411	538	707
411	538	905
411	707	905
412	527	707
412	527	959
412	545	950
412	707	959
412	950	959
413	517	947
413	947	954
414	465	484
414	465	545
414	465	936
414	545	936
415	422	906
415	424	906
416	530	925
416	925	929
417	493	537
417	493	910
417	537	910
417	904	910
418	483	897
418	485	688
418	485	897
418	688	897
419	540	615
419	540	653
419	615	619
419	619	836
420	511	521
420	511	917
420	521	917
420	904	917
420	904	954
421	487	825
421	487	917
421	622	825
421	622	840
421	622	915
421	840	915
421	840	918
421	915	918
421	917	918
422	494	533
422	494	935
422	533	935
422	906	935
423	538	541
423	538	905
423	541	905
423	541	920
423	546	905
423	546	920
423	905	920
424	503	699
424	503	907
424	699	907
424	906	907
426	430	605
426	430	744
426	605	612
426	612	813
426	650	735
426	650	813
426	735	744
427	613	704
427	661	686
427	661	923
427	686	702
427	686	923
428	718	726
428	718	767
428	726	791
428	729	730
428	729	767
428	730	830
428	751	791
428	751	830
429	583	740
429	583	759
429	692	740
429	692	743
429	743	794
429	759	794
430	549	572
430	549	686
430	572	768
430	605	661
430	605	923
430	661	686
430	661	923
430	686	923
430	744	768
431	604	627
431	604	646
431	604	898
431	604	903
431	627	803
431	627	903
431	646	748
431	646	898
431	690	748
431	690	779
431	690	903
431	732	779
431	732	803
431	732	903
431	748	898
431	748	903
431	779	903
431	803	903
431	898	903
432	624	757
432	624	775
432	677	747
432	677	755
432	747	763
432	749	763
432	749	775
432	755	757
433	549	568
433	549	702
433	568	817
433	592	673
433	592	817
433	673	702
434	452	633
434	452	817
434	568	746
434	568	817
434	609	636
434	609	746
434	633	636
435	567	756
435	567	772
435	574	606
435	574	764
435	606	772
435	713	756
435	713	764
436	608	766
436	621	672
436	621	700
436	638	672
436	638	766
437	451	635
437	451	788
437	451	899
437	635	640
437	635	899
437	635	901
437	640	754
437	640	901
437	690	748
437	690	754
437	690	903
437	748	788
437	748	899
437	748	903
437	754	901
437	754	903
437	788	899
437	899	901
437	899	903
437	901	903
438	594	643
438	594	780
438	643	811
438	650	780
438	650	785
438	760	785
438	760	811
439	446	656
439	446	750
439	615	656
439	615	795
439	625	750
439	625	773
439	773	795
440	668	777
440	677	698
440	677	769
440	769	777
441	692	721
441	692	774
441	713	756
441	713	793
441	721	756
441	774	793
442	564	594
442	564	766
442	576	638
442	576	780
442	594	780
442	638	766
443	447	654
443	447	915
443	618	669
443	618	831
443	618	915
443	618	916
443	630	654
443	630	831
443	630	916
443	654	916
443	669	915
443	831	916
443	915	916
444	449	593
444	449	752
444	469	617
444	469	642
444	593	641
444	617	641
444	642	752
445	532	824
445	532	924
445	695	814
445	695	824
445	814	916
445	824	924
445	916	924
446	591	656
446	591	821
446	750	800
446	800	821
447	590	697
447	590	915
447	697	836
448	490	802
448	490	838
448	490	898
448	543	544
448	543	838
448	543	925
448	544	596
448	544	902
448	544	925
448	552	596
448	552	646
448	552	898
448	552	902
448	596	902
448	646	802
448	646	898
448	802	898
448	838	925
448	898	902
448	902	925
449	569	752
449	569	821
449	570	593
449	570	800
449	800	821
450	468	469
450	469	665
450	629	712
450	629	901
450	712	901
451	466	663
451	466	706
451	466	900
451	466	922
451	571	706
451	571	788
451	571	900
451	629	635
451	629	663
451	629	899
451	629	922
451	635	899
451	663	922
451	706	900
451	788	899
451	788	900
451	899	900
451	899	922
451	900	922
452	592	817
452	592	843
452	633	816
452	651	816
452	651	843
453	478	485
453	478	896
453	485	896
453	486	611
453	519	611
453	519	907
453	611	907
453	896	907
454	467	701
454	467	804
454	501	607
454	607	701
454	689	804
455	462	671
455	462	709
455	497	664
455	497	708
455	664	709
455	671	708
456	534	919
456	599	618
456	599	919
456	618	919
457	470	541
457	470	598
457	470	920
457	541	920
457	598	847
457	598	920
457	689	714
457	689	847
457	689	920
457	714	920
457	847	920
458	626	628
458	626	833
458	628	653
458	653	660
458	660	741
458	741	833
459	498	711
459	498	918
459	618	669
459	618	711
459	618	915
459	618	918
459	669	915
459	711	918
459	840	915
459	840	918
459	915	918
460	495	682
460	495	909
460	505	644
460	644	909
460	675	682
460	682	909
461	528	655
461	631	645
461	645	655
462	595	651
462	595	709
462	597	671
462	597	843
462	651	843
463	659	736
463	659	789
463	679	782
463	679	786
463	736	786
463	782	789
464	486	664
464	486	680
464	595	709
464	595	841
464	664	709
464	680	841
464	709	968
465	483	691
465	483	897
465	484	623
465	545	691
465	545	936
465	691	897
465	691	936
465	897	936
466	547	632
466	547	922
466	632	706
466	632	900
466	632	922
466	652	663
466	652	922
466	663	922
466	706	900
466	900	922
467	475	804
467	475	911
467	701	826
467	701	911
467	804	911
467	826	911
468	469	645
468	631	645
469	617	665
469	642	645
470	480	616
470	480	683
470	541	920
470	598	616
470	598	920
471	557	637
471	557	806
471	603	753
471	603	806
471	637	815
471	753	815
472	658	796
472	658	810
472	666	792
472	666	801
472	792	810
472	796	801
473	513	520
473	513	911
473	520	911
473	520	912
473	534	911
473	534	912
473	911	912
474	505	668
474	507	649
474	581	649
474	581	668
475	492	634
475	492	926
475	634	804
475	634	926
475	634	945
475	804	911
475	911	926
475	911	945
475	926	945
476	584	703
476	584	799
476	674	797
476	674	799
476	703	784
476	784	797
477	490	670
477	490	838
477	496	710
477	507	710
477	507	716
477	670	716
478	485	610
478	485	896
478	610	896
479	481	639
479	481	675
479	614	676
479	614	682
479	614	909
479	639	662
479	662	676
479	675	682
479	676	909
479	682	909
480	489	683
480	489	687
480	616	681
480	681	687
481	579	639
481	579	698
482	620	689
482	620	920
482	620	932
482	647	714
482	647	920
482	689	714
482	689	920
482	714	920
482	920	932
482	920	965
482	932	965
483	691	897
484	514	685
484	514	837
484	623	685
485	610	688
485	610	896
485	688	896
485	688	897
485	896	897
486	611	680
487	693	825
488	648	662
488	648	841
488	662	676
488	680	841
489	512	687
489	529	683
490	604	670
490	604	802
490	604	898
490	802	898
491	524	908
491	524	909
491	533	908
491	542	909
491	908	909
492	513	845
492	513	926
492	634	926
492	845	926
493	520	537
493	520	910
493	537	910
494	533	921
494	533	935
494	535	961
494	921	935
494	921	961
494	935	961
495	522	678
495	522	699
495	522	909
495	542	909
495	614	678
495	614	682
495	614	909
495	678	909
495	682	909
495	699	909
496	523	710
498	511	912
498	511	917
498	711	918
498	711	919
498	912	917
498	912	918
498	912	919
498	917	918
498	918	919
500	631	693
501	607	700
501	621	700
502	530	925
502	925	952
502	933	952
503	519	705
503	519	907
503	522	699
503	522	705
503	522	907
503	699	907
503	705	907
504	508	667
504	508	951
504	667	951
506	562	589
506	562	739
506	574	589
506	574	807
506	657	739
506	657	822
507	649	716
508	667	951
509	598	616
509	621	672
510	569	697
510	569	752
510	697	771
511	521	917
511	912	917
512	613	704
513	520	911
513	520	946
513	845	926
513	911	926
513	911	946
513	926	946
515	575	601
515	575	694
515	633	636
515	633	822
515	636	694
516	532	824
516	532	826
516	532	924
516	607	701
516	607	824
516	607	924
516	701	826
516	701	924
516	824	924
516	826	924
517	940	947
517	940	960
517	947	960
518	524	909
518	644	909
519	611	705
519	611	907
519	705	907
520	537	910
520	537	946
520	910	911
520	910	912
520	910	946
520	911	912
520	911	946
522	678	909
522	699	907
522	699	909
522	705	907
522	907	909
524	908	909
524	908	921
525	605	612
525	605	661
525	605	923
525	612	745
525	612	923
525	661	923
525	681	687
525	681	844
525	687	923
525	745	844
525	745	923
527	529	834
527	529	905
527	707	905
527	707	959
527	707	963
527	834	905
527	905	948
527	905	963
527	948	959
527	948	963
527	959	963
528	531	655
528	531	839
528	531	915
528	622	839
528	622	915
528	839	915
529	834	905
531	590	771
531	590	915
531	655	771
531	839	915
532	818	826
532	818	924
532	824	924
532	826	924
533	908	921
533	908	935
533	921	935
534	818	911
534	818	924
534	911	912
534	911	924
534	912	919
534	912	924
534	919	924
536	586	734
536	617	665
536	617	832
536	734	832
537	910	946
538	541	905
538	707	905
539	547	632
539	547	667
539	547	931
539	632	931
539	667	931
540	582	615
540	582	781
540	653	781
541	905	920
543	544	925
543	838	925
544	596	684
544	596	902
544	596	913
544	684	913
544	684	942
544	902	913
544	902	925
544	902	937
544	913	937
544	913	942
544	925	937
544	925	942
544	937	942
545	691	936
545	691	964
545	936	950
545	936	964
545	950	964
546	647	920
546	905	920
547	632	922
547	632	931
547	667	931
548	582	727
548	582	795
548	727	797
548	773	795
548	773	828
548	784	797
548	784	828
549	568	720
549	572	720
549	686	702
550	563	722
550	563	774
550	722	733
550	729	733
550	729	783
550	740	774
550	740	783
551	555	778
551	555	784
551	577	759
551	577	765
551	759	778
551	765	784
552	571	728
552	571	788
552	571	902
552	596	728
552	596	902
552	646	748
552	646	898
552	728	902
552	748	788
552	748	898
552	788	898
552	788	902
552	898	902
553	570	770
553	570	800
553	725	751
553	725	770
553	750	800
553	750	805
553	751	805
554	719	724
554	719	819
554	721	743
554	721	819
554	724	736
554	736	820
554	742	743
554	742	820
555	718	726
555	718	778
555	726	828
555	784	828
556	580	735
556	580	782
556	735	785
556	738	782
556	738	835
556	760	785
556	760	835
557	588	732
557	588	792
557	637	737
557	732	806
557	737	810
557	792	810
558	563	731
558	563	793
558	713	764
558	713	793
558	731	749
558	749	775
558	764	775
559	566	725
559	566	796
559	723	770
559	723	787
559	725	770
559	787	801
559	796	801
560	581	753
560	581	769
560	587	747
560	587	815
560	747	769
560	753	815
561	566	730
561	566	796
561	722	733
561	722	809
561	730	733
561	796	829
561	809	829
562	579	639
562	579	762
562	589	762
562	639	739
563	722	758
563	731	758
563	774	793
564	594	741
564	741	833
564	766	833
565	572	768
565	572	776
565	580	744
565	580	782
565	744	768
565	776	789
565	782	789
566	725	730
567	575	719
567	575	772
567	719	819
567	721	756
567	721	819
568	720	746
569	591	697
569	591	821
570	593	761
570	723	761
570	723	770
571	600	706
571	600	728
571	600	900
571	706	900
571	728	900
571	728	902
571	788	900
571	788	902
571	900	902
572	720	776
573	577	742
573	679	786
573	736	786
573	736	820
573	742	820
574	589	757
574	606	807
574	624	757
574	624	764
575	601	772
575	694	827
575	719	827
576	612	745
576	612	813
576	638	745
576	650	780
576	650	813
577	742	794
577	759	794
578	586	734
578	586	754
578	586	901
578	588	779
578	588	792
578	588	903
578	734	792
578	754	779
578	754	901
578	754	903
578	779	903
578	901	903
579	698	762
580	735	744
581	649	798
581	668	777
581	753	798
581	769	777
582	615	795
582	727	781
583	718	767
583	718	778
583	740	783
583	759	778
583	767	783
584	602	760
584	602	799
584	703	812
584	738	812
584	738	835
584	760	835
585	587	763
585	587	815
585	637	815
585	731	749
585	749	763
586	640	754
586	640	901
586	754	901
587	747	763
588	732	779
588	732	903
588	779	903
589	755	757
589	755	762
590	697	771
591	619	656
591	619	697
592	597	673
592	597	843
594	643	741
595	648	790
595	648	841
595	651	790
596	684	728
596	684	913
596	728	902
596	728	913
596	902	913
597	671	673
598	847	920
599	618	831
599	618	916
599	618	919
599	630	831
599	630	916
599	831	916
599	916	919
600	632	706
600	632	846
600	632	900
600	632	914
600	696	728
600	696	913
600	706	900
600	728	900
600	728	913
600	846	914
600	900	913
600	900	914
600	913	914
601	606	772
602	643	811
602	674	799
602	760	811
603	627	803
603	627	903
603	732	803
603	732	806
603	732	903
603	803	903
604	627	808
604	627	903
604	646	802
604	646	898
604	670	808
604	802	898
604	808	903
604	898	903
605	612	923
605	661	923
607	701	924
607	824	924
608	626	695
608	626	833
608	766	833
609	636	694
610	688	896
611	705	907
612	745	923
614	676	678
614	676	909
614	678	909
614	682	909
615	619	656
618	669	915
618	711	918
618	711	919
618	831	916
618	915	916
618	915	918
618	916	918
618	916	919
618	918	919
619	697	836
620	634	715
620	634	804
620	634	932
620	634	944
620	689	804
620	689	920
620	715	944
620	920	932
620	932	944
622	839	840
622	839	915
622	840	915
623	685	823
624	764	775
625	717	773
625	717	791
625	750	805
625	751	791
625	751	805
626	628	814
626	695	814
627	803	903
627	808	903
628	630	654
628	630	814
629	635	712
629	635	899
629	635	901
629	663	922
629	712	901
629	899	901
629	899	922
629	901	922
630	654	916
630	814	916
630	831	916
632	706	900
632	846	914
632	846	931
632	900	914
632	900	922
632	914	931
633	657	816
633	657	822
634	715	944
634	926	944
634	926	945
634	932	944
634	932	945
634	944	945
635	640	712
635	640	901
635	712	901
635	899	901
640	712	901
640	754	901
643	741	842
646	748	898
646	802	898
647	714	920
649	716	798
650	735	785
652	663	922
653	660	781
658	737	809
658	737	810
658	796	829
658	809	829
659	724	736
659	776	789
660	741	842
661	686	923
666	734	792
666	734	832
666	787	801
667	931	953
667	951	953
670	716	808
674	727	797
676	678	909
677	698	762
677	747	769
677	755	762
679	738	782
679	738	812
684	696	728
684	696	913
684	728	913
684	913	942
688	896	897
689	714	920
689	847	920
690	748	903
690	754	779
690	754	903
690	779	903
691	897	936
691	897	964
691	936	964
692	721	743
692	740	774
696	728	913
699	907	908
699	907	909
699	908	909
701	826	911
701	826	924
701	911	924
703	765	784
707	905	963
707	959	963
711	918	919
717	726	791
717	726	828
717	773	828
719	724	827
725	730	830
725	751	830
728	900	902
728	900	913
728	902	913
729	730	733
729	767	783
732	779	903
732	803	903
742	743	794
748	788	898
748	788	899
748	898	899
748	898	903
748	899	903
754	779	903
754	901	903
788	898	899
788	898	902
788	899	900
788	899	902
788	900	902
818	826	911
818	826	924
818	911	924
826	911	924
839	840	915
840	915	918
846	914	931
848	871	880
848	871	952
848	877	893
848	877	925
848	877	929
848	880	893
848	880	927
848	880	952
848	893	925
848	893	927
848	925	927
848	925	929
848	925	952
848	927	952
849	872	873
849	872	906
849	872	938
849	873	938
849	875	891
849	875	935
849	875	966
849	891	966
849	906	935
849	906	938
849	906	966
849	935	966
849	938	966
850	858	878
850	858	945
850	874	910
850	878	945
850	878	946
850	910	945
850	910	946
850	910	967
850	945	946
850	945	967
851	872	873
851	872	906
851	872	938
851	873	894
851	873	938
851	873	957
851	879	894
851	879	896
851	879	939
851	894	896
851	894	957
851	896	906
851	896	939
851	896	957
851	906	938
851	906	939
851	906	957
851	938	957
852	871	880
852	871	952
852	876	933
852	876	962
852	880	952
852	880	962
852	933	952
852	933	962
852	952	962
853	877	893
853	877	925
853	877	942
853	887	937
853	887	942
853	893	925
853	893	956
853	925	937
853	925	942
853	925	956
853	937	942
853	937	956
854	862	884
854	862	897
854	884	897
854	888	897
854	888	941
854	897	941
855	881	947
855	886	940
855	886	960
855	940	947
855	940	960
855	947	960
856	879	894
856	879	896
856	888	896
856	888	941
856	894	896
856	894	934
856	896	934
856	896	941
856	934	941
857	885	951
857	885	953
857	886	943
857	886	951
857	943	951
857	943	953
857	951	953
858	867	932
858	867	944
858	878	926
858	878	945
858	926	944
858	926	945
858	932	944
858	932	945
858	944	945
859	881	930
859	881	954
859	892	904
859	904	930
859	904	954
859	930	954
860	875	891
860	875	921
860	875	961
860	875	966
860	876	921
860	876	961
860	876	962
860	891	966
860	921	955
860	921	961
860	921	962
860	921	966
860	955	962
860	955	966
861	874	910
861	892	904
861	904	910
862	884	897
862	884	964
862	890	958
862	890	964
862	897	958
862	897	964
862	958	964
863	885	953
863	889	931
863	931	953
864	890	950
864	890	958
864	895	948
864	895	959
864	948	950
864	948	958
864	948	959
864	950	958
864	950	959
865	883	914
865	889	914
866	883	913
866	883	914
866	887	913
866	887	937
866	913	914
866	913	937
866	914	937
867	882	932
867	932	944
868	869	905
868	895	948
868	895	963
868	905	948
868	905	963
868	948	963
869	870	920
869	870	928
869	905	920
869	905	928
869	920	928
870	882	949
870	882	965
870	920	928
870	920	949
870	920	965
870	928	949
870	949	965
871	880	952
872	873	938
872	906	938
873	894	957
873	938	957
875	891	966
875	921	935
875	921	961
875	921	966
875	935	961
875	935	966
876	921	933
876	921	961
876	921	962
876	933	961
876	933	962
877	893	925
877	925	929
877	925	942
877	929	942
878	926	945
878	926	946
878	945	946
879	894	896
879	896	939
880	893	927
880	927	952
880	927	962
880	952	962
881	930	947
881	930	954
881	947	954
882	932	949
882	932	965
882	949	965
883	913	914
884	897	964
885	951	953
886	940	951
886	940	960
886	943	951
886	943	960
886	951	960
887	913	937
887	913	942
887	937	942
888	896	897
888	896	941
888	897	941
889	914	931
890	950	958
890	950	964
890	958	964
893	925	927
893	925	956
893	927	956
894	896	934
894	896	957
894	934	957
895	948	959
895	948	963
895	959	963
896	897	941
896	906	907
896	906	939
896	906	957
896	934	941
896	934	957
897	936	958
897	936	964
897	958	964
898	899	902
898	899	903
899	900	902
899	900	922
899	901	903
899	901	922
900	902	913
900	913	914
902	913	937
902	925	937
904	910	912
904	912	917
904	930	954
905	920	928
905	948	963
906	907	908
906	908	935
906	908	966
906	935	966
906	938	957
906	938	966
907	908	909
908	921	935
908	921	966
908	935	966
910	911	912
910	911	945
910	911	946
910	945	946
910	945	967
911	912	924
911	926	945
911	926	946
911	945	946
912	917	918
912	918	919
912	919	924
913	914	937
913	937	942
915	916	918
916	918	919
916	919	924
920	928	949
920	932	965
920	949	965
921	933	961
921	933	962
921	935	961
921	935	966
921	955	962
921	955	966
925	927	952
925	927	956
925	929	942
925	937	942
925	937	956
926	944	945
926	945	946
927	952	962
930	947	954
932	944	945
932	949	965
933	952	962
936	950	958
936	950	964
936	958	964
940	947	960
943	951	953
943	951	960
948	950	958
948	950	959
948	959	963
950	958	964
