1455,1660,1921,-1
30,46,1504,-1
1889,2214,2360,-1
740,1453,1896,2214
146,1109,1206,2905
705,1037,1730,2191
1889,2333,2359,2363
70,117,939,1381
108,118,2714,-1
308,2612,2792,2822
793,1243,1703,2263
608,1752,2532,-1
496,498,507,1185
582,1055,1267,-1
223,501,1420,-1
387,417,2256,-1
224,956,1392,2303
19,1369,2315,-1
900,1803,2663,2664
17,1336,2702,-1
24,780,1450,-1
518,868,1762,-1
257,550,1226,-1
652,881,1209,-1
20,30,2710,-1
34,1330,2733,2906
1099,2006,2072,-1
30,46,2210,-1
32,533,2394,-1
792,2489,2722,-1
1,24,27,2711
41,842,1640,-1
28,1049,1287,1719
919,1129,1619,-1
25,84,1095,2904
1158,2172,2480,-1
793,1014,1371,2631
1199,1356,1361,-1
84,1272,1278,2738
231,2011,2180,-1
231,1366,1599,-1
31,1355,1637,2395
46,351,2377,-1
1235,1786,2501,-1
566,1385,1950,-1
717,798,2283,2285
1,27,42,2376
940,1103,1788,-1
74,465,992,2253
433,976,2637,-1
113,786,1105,-1
58,258,611,-1
775,1809,2563,-1
257,635,2332,-1
433,653,1579,-1
725,837,851,1437
416,1669,1882,2954
268,1236,1324,1326
51,648,711,-1
417,1238,1380,2122
389,391,1502,-1
511,2372,2599,-1
609,648,2496,-1
580,827,1505,-1
342,812,1194,1509
755,1285,2384,2652
224,1392,1797,-1
1121,1632,1983,2298
585,1797,2535,-1
1122,1748,2054,-1
7,187,258,-1
385,598,621,-1
482,1038,2789,-1
75,349,466,-1
48,664,701,2704
73,309,720,1846
246,1470,2385,-1
942,1544,1575,-1
339,978,1981,-1
1147,1410,1689,-1
422,996,2004,-1
924,1642,2283,-1
215,612,1921,-1
1294,1394,1843,-1
34,38,2920,-1
109,2392,2641,-1
449,1257,1735,1763
470,577,2165,-1
89,1658,2564,-1
88,115,122,-1
945,1338,2799,-1
938,2234,2688,-1
734,2406,2760,-1
98,514,1178,-1
2280,2281,2368,-1
754,795,2563,-1
1430,1948,1984,-1
1009,1077,1115,-1
93,149,613,1907
107,1389,1391,1870
362,1274,1873,2392
147,158,1242,-1
152,736,1012,-1
108,573,1597,-1
922,2079,2348,-1
563,564,1025,1925
1413,1695,2215,2640
99,675,956,-1
8,103,1497,2717
85,1342,2656,-1
926,1141,2123,2207
192,259,475,641
264,507,1901,2324
50,727,1220,-1
1182,1185,2199,-1
89,1456,2226,2321
893,1128,1820,2836
7,381,2312,2345
8,2341,2716,-1
431,1385,1563,2355
1452,2321,2780,-1
123,1118,2332,-1
89,1827,2232,2284
121,1489,1920,2776
1357,1446,2768,-1
1019,1072,1701,1949
133,197,1177,2037
1090,1495,1934,-1
1791,1872,2456,-1
2707,2782,2830,-1
1157,1351,2255,-1
372,564,1417,-1
325,1233,2164,-1
126,293,459,1057
145,953,1196,-1
216,2406,2623,-1
772,804,2697,-1
146,541,1702,-1
1118,1563,1818,1920
335,2182,2562,-1
489,1985,2444,-1
739,759,2224,2672
735,751,1222,1676
931,1240,2256,-1
1012,1091,1984,-1
134,935,2222,-1
4,137,176,-1
101,501,2304,-1
236,261,1465,-1
98,1250,1353,-1
1947,2151,2265,-1
158,160,2521,-1
102,156,158,-1
1858,2371,2598,-1
399,1197,2063,-1
190,406,989,1777
152,160,2486,-1
382,1537,1760,-1
101,151,152,1538
214,2276,2282,-1
151,156,1357,2770
1101,1224,1348,2397
1107,1128,1192,-1
1719,1999,2003,-1
535,797,1017,2781
166,2805,2873,-1
165,1266,1270,-1
338,674,1512,1789
723,995,2933,-1
204,440,1561,2292
528,777,1891,1945
256,2085,2934,2949
175,1639,1720,2668
292,448,1903,-1
821,1287,1719,2012
172,186,2635,-1
146,656,1224,-1
718,851,1417,-1
222,1484,2294,2806
990,1806,2581,2831
389,871,1552,-1
286,370,2812,-1
625,1916,2508,-1
1212,2124,2817,-1
691,2249,2587,-1
191,774,2854,2897
175,583,1082,1639
70,711,2338,-1
257,271,635,-1
822,1229,2719,-1
155,276,2264,-1
185,256,2925,2934
111,1115,2391,-1
198,796,2347,-1
713,747,755,-1
704,865,994,2490
703,1189,1852,2550
126,873,1839,-1
193,492,1566,2258
243,509,1644,-1
321,640,667,1681
254,1215,2918,2961
429,674,1789,-1
995,1330,2734,2833
169,545,1349,1482
333,881,1862,-1
1179,1387,2026,2048
212,220,781,-1
216,1718,2176,2740
965,2419,2544,-1
248,897,1379,1706
453,1208,2287,2560
207,1024,1365,2150
310,952,2077,2810
159,1170,1171,2031
82,1550,1928,-1
135,208,2399,-1
1392,1982,2536,-1
220,1409,2420,-1
906,1439,2141,-1
207,218,1365,1775
282,2259,2908,-1
178,1317,2805,-1
14,1242,2386,-1
16,66,724,1604
234,986,2823,-1
1205,1488,2075,2928
1195,1742,2834,-1
461,1018,1080,-1
386,973,1617,-1
524,2125,2240,-1
39,40,1290,1613
367,551,676,2123
2370,2421,2597,-1
225,676,1114,2926
266,1084,1955,2410
148,1377,1824,-1
307,374,2308,2726
384,1343,1390,2345
425,1625,1930,2609
340,445,1021,1802
1305,1523,1691,-1
318,980,2408,-1
199,1218,2274,2446
371,376,810,-1
417,1585,2211,-1
76,1826,2381,-1
484,907,2825,-1
210,1280,1575,-1
1297,2090,2362,-1
379,1176,2726,2808
640,1209,1686,-1
1041,1460,2594,-1
378,1367,2562,-1
201,1405,1562,1736
369,1165,1367,-1
171,191,298,1723
22,53,188,1952
51,70,2056,-1
111,1115,1629,-1
472,2376,2683,-1
148,1500,2333,2334
266,1650,2682,-1
529,557,1608,-1
112,498,2041,-1
570,1000,2474,-1
235,262,1080,-1
927,1591,1914,-1
57,278,1138,1227
824,1255,1860,2785
994,1314,1316,2720
188,1576,1675,-1
327,486,1557,1649
1447,1451,2458,-1
1209,1686,1706,-1
2103,2838,2946,-1
190,1299,2201,-1
281,1481,2935,-1
268,669,1713,2874
480,1996,2440,2818
1038,1128,1716,-1
277,1511,2297,-1
221,437,484,907
662,2046,2896,-1
758,2411,2775,-1
638,829,1480,-1
181,2813,2956,-1
524,743,959,2233
337,377,565,766
450,2100,2151,2265
311,434,1888,2077
598,1400,2106,-1
173,652,1547,1913
133,523,1842,-1
873,989,2264,2416
589,1882,2844,-1
792,1270,2873,-1
1878,2817,2942,-1
256,774,943,2081
556,1268,1761,1905
882,1174,2262,-1
305,2725,2849,2861
854,995,1330,-1
1039,1098,1335,1366
1276,1744,2897,-1
301,649,1166,2427
329,1899,2782,-1
237,1161,1234,1486
9,456,2941,2943
75,916,1394,1635
213,314,2408,-1
290,416,2093,-1
608,974,1279,2915
893,1603,2397,2617
310,318,887,2870
681,1722,1814,2096
320,1193,2047,2455
1648,1835,2498,-1
242,314,345,1069
344,859,1510,-1
316,910,2661,-1
200,821,1999,-1
330,974,2132,2915
2483,2513,2554,-1
601,1465,1824,-1
132,525,2354,-1
371,1099,2858,-1
272,341,2588,-1
477,797,1651,-1
306,330,2865,-1
322,329,2707,-1
450,1701,2265,-1
950,1151,1396,1924
205,1598,2195,2497
359,1869,1962,2119
139,946,2024,2181
775,1263,1957,-1
288,352,361,-1
167,767,1832,-1
78,1498,2307,-1
240,1620,1747,-1
327,386,2437,-1
64,704,859,2591
933,1734,2862,-1
319,1663,2843,2955
318,396,887,-1
1548,2071,2561,-1
815,857,950,-1
474,749,1169,2558
73,604,2651,-1
1502,2198,2373,-1
42,1974,2210,-1
337,565,1897,1927
840,1977,2802,-1
963,1197,1362,-1
369,651,1156,1165
1010,1459,2593,-1
909,1493,2504,-1
1646,1966,2149,-1
334,1221,2290,-1
1505,1991,2260,-1
337,1506,1728,-1
100,1372,1410,-1
1034,1265,2213,-1
644,1854,2602,-1
1213,1823,1943,-1
1796,2044,2148,-1
232,930,1898,2132
376,855,2945,-1
255,355,1551,1694
181,584,732,2814
244,326,864,1211
131,902,1927,2727
897,1352,1706,1911
237,384,1161,-1
1140,1227,2894,-1
244,368,2081,-1
288,1726,2471,-1
253,1477,2182,-1
250,384,2270,-1
385,452,464,1898
117,1316,2061,2538
157,1307,1310,1434
1558,1737,1751,-1
238,374,379,-1
71,380,872,2025
229,341,1589,2436
15,1585,2565,-1
1100,1336,2070,-1
60,180,884,-1
939,2172,2479,2493
60,610,1154,-1
1255,1283,1286,-1
948,1096,1106,2207
1967,2429,2678,-1
1605,1635,1846,2052
345,878,2091,-1
1070,2815,2852,-1
1149,1164,1534,-1
154,1484,2806,-1
1057,1412,2336,2344
770,1159,2953,-1
544,1288,1804,-1
545,1349,1696,-1
995,2275,2405,-1
643,2060,2450,-1
155,522,895,-1
677,828,1480,-1
969,1305,2369,-1
809,864,1895,2085
1269,1577,1906,-1
711,2494,2496,-1
927,1914,2175,-1
618,1527,1602,2044
723,1348,2760,-1
1842,2121,2453,-1
56,311,1311,-1
15,59,245,-1
510,530,659,-1
424,1647,2897,-1
488,1530,2787,-1
519,1764,1931,-1
80,842,1426,2395
576,581,1412,1428
419,774,2081,-1
239,429,441,1764
532,1528,2219,-1
1312,1505,2260,-1
2167,2169,2492,2590
202,425,1930,1931
549,2196,2515,-1
119,1818,2356,-1
1411,2339,2344,-1
49,54,451,1269
290,860,1311,2872
585,633,1121,-1
1006,1517,1642,-1
282,1570,1836,2327
931,2348,2606,-1
1567,1835,2001,2497
169,493,510,638
425,883,1789,1876
841,2243,2247,-1
532,1518,2219,-1
446,552,2776,-1
240,1665,2120,-1
444,448,1902,2188
1158,1623,2060,2449
173,446,1267,-1
86,1360,1734,-1
289,331,627,-1
433,1577,1580,-1
380,598,1653,2106
211,1651,2057,-1
624,948,2254,-1
676,930,1114,-1
308,2092,2096,2884
1850,1900,1923,2028
549,884,1122,2514
133,1636,1839,-1
462,879,912,-1
228,1116,1467,2718
460,715,2106,-1
708,838,2090,2701
380,465,974,2132
48,464,1933,2705
73,724,916,1604
1028,1442,1664,-1
756,1526,1831,2324
916,1634,1635,-1
87,868,2382,2917
1697,1794,2883,-1
260,949,999,1973
1448,2459,2567,-1
348,520,1294,2049
111,619,2390,-1
490,521,1023,1915
328,1208,1963,-1
515,1785,2554,-1
745,938,1848,-1
279,1345,2898,-1
1427,2547,2628,-1
72,1107,1702,-1
489,2442,2657,-1
247,282,2441,-1
898,1221,2136,2290
272,1589,1590,-1
587,1368,2071,-1
420,1253,1565,-1
140,483,1778,2666
476,506,1143,-1
939,1768,2173,-1
198,984,1177,2336
440,659,2292,-1
1867,1941,2463,-1
596,632,2922,-1
12,1182,1241,1318
729,2245,2761,-1
12,264,750,2691
500,984,1566,1754
499,1478,1615,-1
14,147,1684,2578
1510,1767,2294,2843
1056,1139,1378,-1
861,871,1623,-1
686,1258,1259,2263
490,521,740,1453
12,112,1454,-1
1030,1447,2422,2604
199,569,2065,-1
418,440,1722,1935
61,1124,1491,-1
911,2292,2350,2610
882,1316,2312,2808
93,772,1485,2340
478,1991,2512,-1
597,606,2196,2509
870,1854,2598,-1
21,862,2454,-1
421,1940,2462,-1
474,1419,1582,-1
476,506,2365,-1
406,1315,1601,-1
293,569,1057,2453
230,287,2161,-1
325,527,1961,2728
1030,1146,2272,2282
525,1506,2149,-1
170,1007,2204,-1
263,1189,2549,-1
418,534,905,-1
540,1722,1935,2792
426,443,960,1830
28,1599,1613,-1
530,1867,1930,-1
164,1651,1693,2225
553,629,1288,1962
1051,1912,2194,-1
542,791,813,1223
1013,1495,1958,-1
531,2463,2614,-1
137,2396,2789,-1
538,785,1515,-1
690,880,2279,-1
402,553,1050,1275
204,403,1816,1917
574,1134,1520,-1
880,924,2331,-1
1050,1612,1640,-1
430,458,1502,2509
22,1675,1811,-1
232,879,1167,-1
444,1397,1489,-1
536,544,2191,-1
575,997,2527,-1
567,572,780,-1
299,1766,2178,-1
263,567,575,2552
1545,1551,2919,2925
1611,2127,2244,-1
651,1325,2050,2857
735,840,2507,-1
1281,2166,2956,-1
105,728,1026,-1
105,131,1026,-1
288,352,2277,-1
44,635,1576,-1
555,557,1608,-1
1092,2097,2170,-1
509,523,979,-1
265,1628,1838,2473
1840,1949,2474,-1
555,575,1443,2526
103,874,2465,-1
546,592,1133,2002
554,557,572,-1
423,979,985,1057
87,1121,2299,-1
636,857,1990,-1
833,884,2260,-1
63,815,1060,2433
423,977,2468,2520
13,628,1912,2186
186,1890,1976,-1
370,1282,2166,2956
68,435,1046,2152
1093,2299,2816,-1
487,1280,1379,1490
622,714,2423,-1
295,1667,1669,2868
999,1450,1973,2020
1126,1416,2650,-1
574,1004,2241,-1
605,1499,2002,-1
600,1948,2217,-1
1004,1073,1479,-1
495,662,1819,-1
516,1088,1606,-1
71,291,452,-1
1753,1898,2105,-1
594,856,2018,-1
324,709,1779,-1
784,1435,2814,2816
616,2165,2335,2917
349,1201,1863,2154
593,1120,2027,2239
516,1491,2373,-1
1602,2021,2385,-1
11,312,2322,2967
62,704,811,2489
391,1059,1343,-1
51,882,1309,2490
82,1660,2680,-1
98,1485,1783,-1
776,1025,1787,-1
1029,1873,2410,-1
603,845,1279,2326
885,1245,2356,-1
413,720,746,1683
475,641,1066,1094
853,1340,1341,2086
71,2335,2384,-1
588,1425,1473,1919
904,1186,1666,-1
454,1106,1721,2441
182,1748,2537,-1
1370,1583,2966,-1
450,1072,2100,2671
582,1397,1902,-1
536,1081,2119,-1
1364,2506,2580,2622
639,1303,2236,2875
495,662,1295,1817
435,1983,2533,-1
1494,1773,2009,-1
53,188,566,1950
578,1063,2450,-1
1248,1494,1923,-1
285,440,677,-1
631,2749,2878,2940
200,251,881,-1
111,619,660,-1
644,647,2767,-1
405,1155,2510,-1
364,642,921,1822
1355,1640,1835,-1
763,1373,1956,-1
642,1854,2615,-1
58,62,2489,-1
305,1225,2850,-1
1277,1477,2947,-1
355,560,1131,2242
23,292,658,-1
54,721,1580,-1
898,1204,2686,-1
898,2289,2291,2685
176,1109,2397,2933
900,970,2466,-1
652,966,1055,-1
418,493,905,-1
641,1629,2346,-1
2429,2452,2678,-1
283,596,632,1812
671,1620,2486,-1
74,1419,1568,-1
778,856,1429,-1
760,1169,1796,2199
200,881,1598,-1
1098,1335,1756,2004
278,716,2860,2919
1894,2301,2901,-1
663,852,1747,2485
1096,1141,2207,-1
1302,2162,2876,-1
167,202,987,-1
107,1393,2577,-1
232,234,455,-1
407,638,681,-1
801,991,2472,-1
1189,1791,1872,-1
1297,2174,2579,-1
315,677,2113,2583
1222,1337,2174,-1
1222,1676,2580,-1
2047,2306,2416,2619
731,1972,2379,2386
505,768,918,-1
1135,2212,2276,-1
1443,2020,2212,-1
971,1968,2194,-1
543,920,1006,1493
184,1778,2138,-1
1221,1730,2291,-1
1678,1755,2000,-1
719,2495,2591,-1
1016,1052,1893,-1
1226,1573,1952,2413
1226,1458,2414,-1
2077,2082,2490,2722
779,1036,2330,2355
1202,1489,1952,2332
74,713,755,988
2145,2249,2402,-1
196,1791,2184,-1
195,342,609,2495
5,1711,2286,-1
1547,1903,1911,-1
809,1260,1476,1564
463,2070,2098,-1
601,1643,2477,-1
1117,1453,2320,2329
58,187,411,-1
1142,1971,2016,-1
194,701,1419,2049
588,757,917,2220
462,992,1238,2200
669,1227,1583,2821
45,1850,2028,-1
177,722,802,1437
694,733,765,2592
75,618,803,2651
653,1885,1993,2731
718,786,1220,-1
168,414,2069,2275
224,466,1393,-1
55,843,1041,-1
1608,1872,2314,-1
113,892,1022,-1
563,776,1232,2502
497,1179,1188,-1
1785,2451,2553,-1
685,1418,1975,2017
370,824,2078,-1
719,737,1992,-1
92,2398,2762,-1
142,561,1273,1756
102,1091,1538,1746
733,739,765,2511
1127,1445,1449,-1
141,737,2510,-1
3,506,2364,-1
1081,1804,2541,-1
1503,1915,2230,-1
287,1631,2219,-1
1252,2672,2729,-1
479,1005,2234,2333
618,1470,1602,-1
194,803,2653,-1
759,2491,2730,-1
348,1157,1582,2107
498,1351,2558,-1
142,996,1678,-1
1325,1507,1581,2243
835,1591,1638,-1
95,1675,1809,-1
65,194,701,1395
468,921,1454,-1
714,1584,1851,-1
284,910,1743,1857
141,748,765,-1
666,1185,2691,2692
1658,1659,1956,-1
763,1382,1825,1957
646,762,1659,-1
1383,1986,2570,-1
719,737,759,-1
288,831,2469,-1
338,2343,2519,-1
686,1533,1901,-1
2545,2573,2655,-1
401,848,1076,-1
1416,1445,2649,-1
136,514,1178,-1
1852,2500,2550,-1
185,298,424,1370
52,336,1630,1659
614,728,2501,-1
170,1139,1934,-1
665,823,2671,-1
699,1385,1541,-1
20,555,1440,1594
207,1172,1173,1775
788,863,2091,2867
896,1704,1711,-1
602,1093,2886,-1
542,1136,1593,1980
50,722,1926,-1
808,1576,2346,-1
782,928,1069,2866
1018,1116,1671,1693
2412,2442,2546,-1
538,1989,2688,-1
29,296,811,-1
10,36,1674,-1
800,1579,2731,-1
95,1456,1811,2564
193,1816,2143,2258
164,328,1466,-1
45,1643,2478,-1
1700,2179,2182,-1
794,805,1064,2636
678,1665,1942,-1
718,1417,1925,-1
720,747,1394,2049
136,1645,1818,2340
800,1252,2665,2729
1111,1217,1403,2045
1985,2138,2361,-1
787,1675,1809,-1
409,707,1211,2949
244,864,888,1457
609,792,812,-1
64,811,1270,-1
538,1687,2687,-1
926,1074,1864,-1
347,580,1086,-1
1264,1431,1958,2018
1096,1237,1585,-1
1942,2217,2476,-1
888,1647,2007,-1
1112,1380,2043,2122
174,321,1610,-1
189,1354,2538,-1
778,1960,2153,-1
269,732,825,2795
824,1255,1404,-1
863,913,2086,2783
63,867,1991,-1
407,1712,2584,-1
285,1511,1561,2296
1845,2066,2890,-1
766,837,1655,2277
1606,2310,2388,-1
579,1991,2514,-1
1138,1326,1886,-1
753,1914,2646,-1
1733,2404,2758,-1
55,831,1821,-1
463,1565,2073,2362
1616,2336,2342,-1
353,561,1181,-1
442,889,958,2167
31,422,2541,-1
725,998,1439,-1
846,848,1484,-1
616,1298,1399,2957
844,1236,1326,-1
1194,1581,2169,-1
770,844,1886,2294
946,2071,2562,-1
907,1570,2159,2235
55,177,2277,-1
671,983,1430,-1
620,913,1231,2039
302,1364,2405,-1
368,943,1699,2894
600,665,1431,1953
347,578,1626,2067
878,887,2870,2871
319,342,2337,-1
434,1888,2939,-1
504,1552,2173,-1
518,915,2104,2326
782,826,1328,-1
371,409,810,929
195,2337,2524,2525
1154,1390,2198,-1
827,1785,2325,-1
21,470,1046,1121
1283,1323,2946,-1
517,1144,1523,1858
180,504,1312,-1
385,1279,1331,2335
197,294,2366,-1
573,1874,2228,2464
1240,1871,1932,-1
1066,1576,2346,-1
1625,1633,1777,1876
396,858,1339,2869
460,551,1653,-1
543,547,1543,-1
23,205,640,667
300,513,611,2056
441,1531,1754,-1
389,458,579,2054
617,886,1485,2340
885,1245,2097,-1
314,345,858,-1
810,819,929,-1
841,1078,1580,-1
1039,1273,1977,2700
1387,2245,2673,2932
727,909,2504,-1
116,313,1387,2040
1132,1875,2314,-1
406,1177,1180,1315
783,1569,1648,-1
210,373,1906,-1
485,654,655,1529
1559,1649,2402,-1
18,657,985,1428
1954,2626,2756,-1
372,1026,2354,-1
925,1123,1983,2533
623,1058,2141,2690
530,659,2610,-1
219,909,1058,1595
247,282,850,2083
2187,2572,2698,-1
357,892,906,1496
320,758,1193,1592
512,1680,2147,-1
460,1167,2211,-1
826,853,1229,2783
1425,1473,1588,-1
862,2322,2967,-1
309,466,469,-1
714,1473,2644,-1
686,1259,1972,2379
33,1469,2107,2203
690,1009,2504,-1
644,756,2602,-1
104,1129,1475,-1
2748,2900,2942,2943
81,547,1065,1248
903,967,1001,-1
110,814,1933,2253
267,412,1524,2246
788,1229,1407,2719
864,888,1740,2072
367,455,1763,2105
143,438,2079,2255
1053,2265,2632,-1
343,1708,2080,-1
1061,1698,2474,-1
145,1196,1801,2218
2421,2597,2601,-1
1072,1840,2670,-1
91,479,1516,2687
7,390,491,2338
47,1094,2390,-1
957,1133,2544,-1
77,1054,1280,1542
298,855,1621,2821
1382,1654,1825,-1
90,1099,1757,2800
335,849,1607,-1
1843,2557,2694,-1
393,454,1074,2555
472,1172,2683,-1
332,347,1160,-1
976,1152,1805,-1
213,1888,2910,-1
134,1160,1508,-1
972,1040,1155,2450
1068,1246,2062,-1
16,107,1389,-1
941,964,1003,1520
841,2169,2243,-1
287,1750,2161,-1
532,987,1941,-1
1697,1707,2824,-1
1126,2461,2554,-1
354,1574,2857,-1
957,1000,1698,-1
209,1698,2177,-1
658,1569,1862,1865
925,1632,2529,-1
969,2369,2527,-1
408,968,997,1855
657,973,1617,2664
689,2193,2625,-1
954,1044,1063,-1
229,970,2038,-1
312,322,464,1752
1856,2159,2958,-1
49,951,1269,1352
581,979,1657,-1
78,1123,2534,-1
569,576,977,-1
242,1184,2088,-1
1234,2374,2757,-1
1102,1354,2110,-1
852,1008,1747,-1
492,499,989,1615
576,900,1636,-1
225,1114,1692,-1
674,960,1512,1931
701,992,1162,1400
155,294,984,1177
179,2129,2404,2786
678,1042,2237,2476
48,715,988,2106
1515,1980,1995,-1
195,270,1321,1388
168,203,302,404
80,751,1670,1756
554,969,2552,-1
843,1460,1666,-1
472,590,1504,-1
265,964,1048,-1
925,2197,2305,2529
1501,1995,2684,-1
957,1698,2544,-1
592,595,1499,2033
745,1987,2334,-1
436,690,1401,2331
528,1261,1892,-1
983,1725,1807,1942
97,920,1047,1401
356,1261,1460,2278
1242,1685,2387,-1
102,144,1430,2485
539,1015,1891,1934
36,1988,2263,-1
1013,1459,2206,-1
695,1056,1554,1555
164,1035,1466,-1
228,789,2682,-1
125,1061,2349,-1
1026,1232,2354,-1
240,1127,1446,-1
727,1033,2391,2503
476,1503,1989,-1
212,1073,1172,-1
105,614,1926,-1
563,564,902,1020
1233,1961,2155,-1
467,1408,2018,2475
615,1274,1955,-1
508,526,1031,-1
1030,1146,1447,2457
1455,1660,2005,-1
1022,1045,2390,-1
363,2209,2574,-1
1017,1452,2781,-1
699,1487,2358,-1
5,1221,1962,-1
72,280,1603,2643
303,890,1356,1369
954,1044,1246,-1
252,725,1656,-1
991,2470,2596,-1
1436,2095,2895,-1
972,1040,1068,2223
1033,1103,1105,-1
585,868,2382,-1
1009,1115,2503,-1
1000,1213,1520,1628
32,1637,2003,-1
544,548,1804,-1
537,1865,1881,-1
695,1056,1838,-1
932,1701,1774,2349
942,1490,1548,-1
13,658,1865,1913
503,1016,1052,1944
133,400,523,576
904,906,1496,-1
610,1381,2345,-1
580,1505,2067,-1
934,1019,1949,2177
1069,1184,1407,1436
636,972,1508,-1
800,1175,2062,-1
924,1494,1543,-1
619,876,1541,-1
1532,1961,2149,-1
955,1044,2221,-1
318,788,1062,2091
397,2852,2888,2956
1170,1776,2276,-1
125,627,937,-1
595,1024,2033,2150
814,948,1168,-1
1409,2032,2419,-1
770,1886,2882,-1
97,1263,2261,-1
889,1544,1577,-1
1223,1413,1687,2192
228,266,1084,1464
629,741,1288,1732
186,1976,2059,-1
1557,1559,1880,-1
235,1080,2409,-1
1092,1907,2713,-1
815,1164,2433,-1
1126,1416,2553,-1
597,1498,1981,-1
1340,1358,2039,2404
127,1216,1959,-1
144,736,1536,-1
568,1085,1783,2712
586,784,2298,-1
619,940,1541,-1
34,2013,2328,2674
393,672,817,-1
1253,1513,2076,2962
303,668,1599,-1
26,326,945,-1
388,1740,2010,-1
161,1113,1758,2617
982,1733,2039,-1
47,1045,1786,1787
1403,1758,2736,-1
50,1045,1787,1926
393,624,1837,-1
162,482,1203,1603
1849,2162,2438,-1
4,656,1203,2733
1180,2037,2121,-1
806,1758,2144,-1
820,1169,1289,2202
1101,1224,2396,-1
234,455,986,1793
97,192,259,1047
461,789,2225,-1
710,1896,2028,-1
121,138,1950,-1
1304,1632,2302,2528
605,1877,2015,-1
67,435,577,868
69,458,2508,-1
903,978,2305,-1
511,1498,2197,2307
1390,1486,1916,2372
591,962,1087,1799
738,1021,1652,2120
116,162,280,1603
33,922,2205,2566
1239,1291,2124,-1
651,1866,2050,-1
894,1193,2319,-1
574,941,2241,-1
546,1673,1943,2002
687,1173,1776,2020
785,1695,1974,-1
1859,2213,2267,2309
268,834,1140,1697
503,777,1944,1945
375,1138,2824,-1
110,672,1167,2211
712,1420,1605,1975
490,1455,2329,-1
870,1584,1854,-1
1236,1324,1556,-1
526,1031,1171,-1
79,1516,1688,1848
1214,1378,1550,-1
398,1532,2430,-1
2104,2158,2944,2957
332,1164,1535,-1
951,1268,2639,-1
1301,1434,1641,2519
391,866,1343,-1
643,954,2224,-1
355,1551,2856,-1
130,749,2079,-1
35,447,1748,-1
401,1317,2294,2954
950,953,1396,1626
307,374,1390,-1
988,1527,2021,2208
1340,1358,1918,2055
398,1086,1151,2434
255,355,1578,-1
305,2848,2849,-1
551,912,1141,-1
1074,1619,2556,-1
348,666,1112,2148
214,1071,1409,-1
214,1146,2752,-1
781,949,1024,-1
781,1135,1973,-1
300,1183,2793,-1
1064,1739,2218,-1
250,2793,2807,-1
126,492,895,989
93,772,1244,2571
206,729,1833,2293
895,1110,2244,-1
840,1292,2963,-1
114,496,1871,-1
1174,2088,2407,-1
980,1062,1225,2790
12,114,760,-1
623,1892,2689,-1
1230,1255,2109,2117
729,1474,2293,2548
196,529,679,-1
1322,1770,2787,-1
2876,2877,2887,2940
162,1205,2923,-1
316,910,1132,-1
64,847,2589,-1
227,2094,2836,-1
134,935,2221,2223
154,354,2295,-1
1423,2914,2942,-1
37,1260,1334,-1
1295,2046,2048,-1
604,1797,2152,-1
700,1397,1573,-1
1107,1109,1206,1488
654,2133,2681,-1
226,1192,2931,-1
4,1203,1271,1702
1403,1560,1729,-1
211,477,1333,1572
23,251,274,1547
1483,1710,1714,2896
371,809,2858,2945
183,2440,2819,-1
365,1048,1893,-1
1148,1549,1553,1773
201,1320,1405,1422
1090,1462,1495,1841
806,1729,1908,-1
243,2045,2065,2144
1235,1245,2358,-1
113,722,1595,-1
359,485,692,1037
142,682,683,-1
538,1079,1695,-1
161,176,1113,-1
649,1184,1436,-1
22,696,697,-1
268,375,716,1228
1227,1324,1583,-1
189,913,928,1231
1187,1283,2675,2903
853,1229,1354,1414
728,1020,2168,-1
132,1027,1922,2156
307,981,2599,-1
43,1219,1487,2488
57,846,1145,1362
817,2555,2565,-1
59,715,2211,2253
1130,1306,2092,2890
143,875,2043,-1
496,1454,1822,-1
101,223,1011,1538
10,1618,1674,-1
1178,2178,2572,-1
617,886,1219,2488
955,1040,2224,2654
1581,2063,2295,-1
637,924,1850,-1
1753,2540,2892,-1
149,1801,1907,2222
1281,1402,2888,-1
744,805,2654,-1
488,1097,1338,1757
1760,1998,2201,-1
269,392,825,1187
1257,1763,2892,-1
86,1256,1679,-1
505,1986,2323,-1
505,918,1703,-1
707,1199,1262,1700
1007,1010,1459,-1
1260,1361,1564,2179
336,1077,1629,-1
816,1429,1495,-1
363,1857,2411,2546
166,1509,2063,2806
13,448,1902,1913
299,1152,1313,-1
410,433,976,-1
166,296,812,-1
1206,2013,2674,-1
38,1320,1322,2920
735,890,1335,1337
100,1029,1329,1342
544,1612,2191,2286
304,1771,2934,-1
650,1367,1694,-1
38,1322,2089,-1
312,616,872,1399
248,587,942,-1
562,1251,1296,-1
584,1298,2816,2852
392,869,1230,-1
1601,1625,1777,-1
65,2380,2531,2917
392,1323,1860,-1
32,174,2011,-1
402,536,1081,-1
1112,2051,2199,-1
231,1361,2179,-1
1130,1845,2583,-1
1181,2507,2735,-1
1310,1471,1936,2300
83,474,2557,-1
632,1200,2921,-1
1281,1308,2080,2957
249,680,1770,-1
845,1282,1765,2112
276,2264,2619,-1
1363,1364,2920,-1
1153,1478,1754,-1
673,2875,2877,-1
631,2162,2236,2959
1119,2128,2238,2785
241,408,1858,2499
1239,1878,2885,-1
382,2035,2189,2516
1296,1399,1402,1708
611,2082,2262,-1
382,1293,1344,2190
416,434,1317,-1
427,871,1623,2054
1268,1798,1905,2187
270,1433,2061,-1
522,895,2244,2352
270,381,513,2719
222,1159,1311,-1
496,1351,1932,2766
1321,2720,2866,-1
1215,1272,1422,2735
994,1319,2524,-1
1190,1272,1278,1530
869,1286,2266,-1
57,1145,1228,-1
560,752,1574,2248
57,834,846,-1
1332,1639,1755,-1
863,2099,2895,-1
1274,1492,1540,-1
25,203,302,2269
872,2025,2723,-1
1327,1670,1678,2059
1208,1964,2185,-1
1199,2800,2858,-1
303,668,1273,-1
19,388,2313,-1
682,1273,2700,-1
90,1253,2076,-1
878,2008,2014,2867
620,1089,1163,1806
620,2095,2725,2849
109,1274,1492,-1
238,610,1154,-1
1310,1478,1614,-1
480,1350,1406,-1
1375,1391,2771,-1
1583,1717,2919,2966
161,414,2146,-1
204,403,1350,1940
1345,1349,1910,-1
130,750,1318,-1
373,976,1805,-1
149,2068,2178,-1
822,982,1231,1386
41,645,2003,-1
37,1039,1977,-1
124,160,2486,-1
1089,1163,1937,2820
2022,2053,2115,2116
449,1737,1738,-1
37,1262,1290,1369
354,1236,1556,2874
1300,1770,2579,-1
630,854,1300,2269
212,220,2420,-1
40,303,1369,-1
253,255,1277,2561
487,1607,1682,-1
17,1039,1361,1366
626,774,2821,-1
36,1947,2019,-1
362,1873,1874,2228
646,1374,1825,2030
1373,1779,1956,-1
1346,1870,2460,2586
1650,1955,2743,-1
236,1827,2227,2284
503,1148,1554,-1
210,587,1690,-1
59,820,2107,2256
7,1059,1768,-1
762,944,1517,2261
764,1831,1994,2603
1398,1710,1712,-1
44,119,779,-1
1354,1486,1916,2110
206,891,893,2921
994,1433,1992,-1
99,956,2288,2303
238,866,1125,1161
99,1346,2577,-1
16,66,217,-1
675,724,1634,-1
83,309,803,-1
755,2531,2704,-1
332,1160,1421,-1
552,628,1202,2185
1384,2440,2584,-1
845,1279,1308,2723
291,988,2021,2384
1006,1009,1517,2261
1251,1308,1668,2724
806,1104,1207,2026
825,1759,2797,-1
254,1215,1468,2738
1345,1940,1996,-1
928,1062,1414,2808
1028,1958,2206,-1
218,1075,1170,2031
79,362,2393,-1
432,1412,1427,-1
400,423,1411,2342
106,1079,2642,-1
1231,1407,2725,2726
1785,2431,2452,-1
591,771,1087,1661
131,177,802,1927
731,1533,1972,2694
520,664,713,-1
14,1142,1605,1684
1396,2353,2713,-1
1215,1320,1513,2963
1198,2875,2958,-1
1425,1834,2517,-1
622,914,1424,1432
422,1670,2542,-1
481,1411,2520,-1
423,900,1803,2468
665,1264,1431,2670
96,852,1012,-1
816,856,1429,-1
1425,2183,2516,-1
1314,1388,2479,-1
382,1153,1537,2518
602,2812,2813,-1
1043,1062,1225,2725
55,718,1439,-1
1622,2348,2606,-1
219,843,1437,1595
780,1443,1450,-1
1892,2204,2689,-1
467,2206,2594,-1
572,688,1440,-1
1452,1458,1811,-1
738,771,1661,-1
124,1021,1449,1620
273,508,1031,-1
473,1774,2632,-1
738,1446,2648,-1
20,590,1440,1504
273,1994,2568,-1
120,1035,1444,1456
3,506,710,-1
507,756,1241,-1
0,1032,1143,1915
115,795,1452,-1
810,1647,2081,2085
697,1444,1466,-1
356,1015,1261,1891
252,998,1010,-1
1462,1840,2473,-1
1216,1461,1959,-1
2150,2420,2543,-1
1080,1467,1597,-1
148,324,1500,2360
797,1017,1458,2414
461,1464,2717,-1
1405,1513,1525,1562
919,1568,1582,-1
76,746,1826,-1
1293,1760,2618,-1
1781,2035,2189,2425
622,914,917,-1
1188,2445,2547,2759
922,2142,2175,2566
707,1477,2949,-1
378,650,1476,1700
500,1301,1344,-1
595,1501,2683,-1
285,407,2296,-1
277,1560,1709,-1
204,1561,1910,2048
1210,1712,1742,2296
178,399,844,-1
514,613,885,-1
307,1125,1386,2599
1036,1235,1788,-1
226,1203,2674,2733
123,552,700,-1
587,1054,2071,-1
511,606,1498,-1
1329,1342,2655,2746
357,690,2279,-1
634,637,1065,1909
127,539,1216,1264
909,1058,2279,-1
108,2465,2715,-1
339,1088,1124,1491
593,1004,1501,-1
261,1465,2363,-1
1002,1479,1499,2239
60,350,549,-1
742,1023,2015,2029
1,999,1450,-1
63,360,427,1060
361,527,1897,1966
752,1510,1782,-1
953,1063,1626,2223
64,1266,1510,1581
319,502,1507,1509
281,829,1709,-1
167,987,1829,-1
1097,1422,1468,1530
1660,1677,2680,-1
542,993,1989,2029
938,1147,1689,-1
436,1382,1401,-1
443,1524,1591,-1
1521,2598,2601,2602
546,957,1048,-1
1519,1526,2603,-1
1531,1566,1696,-1
241,870,1851,-1
927,1518,2240,-1
1468,1530,2089,-1
468,1521,2602,-1
413,1162,2049,2148
426,1631,1929,1941
898,2133,2136,-1
420,1322,1513,1525
883,1522,1764,-1
1067,1149,1967,2155
768,1418,2041,2693
398,1535,2155,-1
1151,1534,1546,1924
1091,1618,1703,1746
157,1434,1998,-1
158,736,1242,-1
1988,2569,2631,-1
1329,1955,2744,-1
779,1066,1094,2330
942,1548,2250,-1
880,1065,1795,2009
77,1078,2247,-1
558,1694,1723,2860
1535,2156,2353,-1
292,706,1209,-1
346,1054,1542,1578
1214,1945,2204,-1
215,1148,1553,2679
369,558,1156,-1
180,861,1768,-1
1214,1550,1909,-1
1016,1378,1946,-1
1016,1893,1946,-1
1145,1362,1717,-1
272,1083,1590,-1
383,1738,1793,-1
899,1083,1869,2401
1207,1481,2026,2118
169,829,1482,2118
254,1468,2074,-1
119,138,1950,-1
707,1262,2315,-1
488,838,1757,2006
198,499,1522,-1
439,1612,1968,-1
664,1469,2203,-1
896,966,2498,-1
437,850,1856,2229
1584,1586,2220,-1
1208,1705,2559,-1
696,1202,1964,-1
963,1325,2295,-1
77,248,1577,1906
271,566,787,876
410,451,1078,1575
1165,1548,2242,-1
54,794,2636,-1
451,653,889,1885
752,847,1247,1509
520,749,1469,-1
626,716,1228,1347
757,1144,1571,2616
245,387,817,-1
1571,2605,2608,2616
1772,1859,2314,-1
914,1638,1834,2646
386,486,1617,-1
486,1557,1813,1879
267,753,1518,1830
910,1857,2319,-1
785,1974,2377,-1
780,1772,2710,-1
906,1220,1439,-1
1688,1848,1987,2464
103,1464,2409,-1
333,667,1999,-1
40,533,1098,1600
1599,2004,2394,-1
522,1284,2609,-1
413,607,746,-1
313,1038,1107,1128
224,466,2154,-1
395,1142,1420,1844
597,832,1982,2389
946,1368,1610,2012
263,567,726,1772
2209,2316,2574,-1
821,1607,1682,-1
559,1908,2147,2352
548,1275,1567,1835
231,533,2011,-1
1344,2300,2418,-1
500,984,1616,2418
839,1615,2417,-1
229,970,1589,1741
1243,1536,1970,-1
33,1168,1864,-1
340,663,1446,-1
943,1699,1723,2860
1438,1914,2647,-1
447,504,1312,1990
1806,2831,2848,2849
239,877,1284,-1
857,1160,1508,-1
2848,2859,2951,-1
570,1048,1893,-1
259,660,1263,1630
775,1629,1810,-1
743,1528,1997,-1
67,967,1119,1762
877,1641,1998,-1
469,1393,2052,2578
309,395,469,1844
459,985,2663,-1
41,1049,2394,-1
753,1588,1832,-1
172,186,1327,-1
31,548,645,1804
1153,1633,1876,2343
81,436,1654,2331
709,798,2030,2285
199,1657,2448,-1
804,1920,2699,-1
358,2257,2678,-1
419,819,1457,1744
317,896,2286,-1
272,899,2249,-1
262,1376,2361,-1
328,453,535,-1
1127,1662,2677,-1
452,879,1898,-1
944,1642,2285,-1
831,2470,2596,-1
1041,1821,2594,2595
977,1644,2447,-1
88,761,2232,2563
761,763,775,1957
0,612,1032,1514
1416,1445,1662,2451
1652,1661,2452,-1
344,1667,1669,2337
467,2237,2476,-1
445,801,1790,1802
623,998,2141,2278
589,1663,2102,2846
1402,1679,2540,-1
56,589,1663,2093
996,1332,1426,-1
789,2681,2686,-1
2242,2247,2248,-1
1134,1677,2027,-1
793,1243,1853,2019
271,550,754,808
142,683,2000,2506
1514,1673,1943,2005
693,751,1332,-1
1257,1668,1708,-1
911,2118,2292,-1
200,1682,1686,-1
1368,1610,1681,1690
618,1846,1971,-1
501,1420,2052,-1
1011,1746,2378,-1
251,274,1681,1690
813,1079,1689,-1
1147,1596,1874,-1
79,1516,1687,2192
1379,1682,1686,-1
241,1745,2500,-1
986,1793,2023,-1
535,789,2057,-1
369,1277,1545,1866
106,1136,1223,-1
403,1522,1764,1917
471,961,1138,1713
934,964,965,1003
855,1621,2824,2948
799,1260,1477,-1
125,331,1053,-1
137,482,1206,-1
10,1259,1536,-1
783,1705,1912,2186
1572,1704,2194,2625
210,274,373,-1
961,1713,1866,2860
933,1308,1679,1735
1481,1511,2118,-1
1210,1384,2898,-1
705,783,2624,-1
828,1384,1483,-1
278,1697,1707,2050
1210,1742,2094,-1
2146,2446,2762,-1
280,2836,2937,-1
1347,1556,2855,-1
208,1720,2668,-1
32,163,174,-1
172,1718,1755,-1
624,2254,2952,-1
315,510,531,-1
256,1545,1621,2947
1816,1833,2048,-1
1008,1948,2217,-1
377,1727,1728,1790
1726,1731,2101,-1
361,1726,1731,-1
1207,1217,2147,-1
5,692,2193,2624
1727,1728,1966,2257
1081,1976,2542,-1
836,1102,2111,-1
343,449,1735,2864
86,1708,1734,2915
254,1868,2328,-1
383,1360,2784,-1
1360,1558,1763,-1
1175,1780,2068,-1
929,1100,1895,2007
1617,1813,2467,-1
227,1483,1714,-1
758,2773,2775,-1
304,1647,1771,2007
1691,1851,2424,-1
736,1536,1685,-1
340,671,983,1807
69,625,1158,-1
1815,1837,2207,2926
959,1847,2749,2899
383,1793,1938,2830
11,974,2705,-1
599,1249,2025,-1
499,883,1301,1876
693,1327,1720,2176
668,735,996,-1
945,1253,1565,2803
1101,1104,1111,-1
1404,2109,2798,-1
157,1254,1471,-1
299,1766,2639,-1
21,1632,2796,-1
86,930,1256,1738
421,425,1531,1696
1298,2165,2299,-1
556,1761,1780,2068
502,1782,2880,2883
491,1381,1552,-1
1908,2045,2143,2453
1190,1297,1363,-1
1276,1744,1895,2085
1587,1594,1608,-1
634,1214,2204,-1
1053,1448,2351,-1
220,781,1776,-1
1071,1135,1775,-1
155,877,1284,2201
489,691,1985,2587
601,1374,1824,2030
1739,1766,2638,-1
1472,1784,2184,-1
1507,1767,1794,-1
613,1092,2097,-1
1781,1852,2426,-1
478,730,867,1415
43,1103,1788,-1
614,1103,1105,-1
47,1487,1786,2330
167,202,441,2343
1665,1726,2471,-1
128,679,703,1936
2212,2280,2527,-1
1114,1558,1692,1751
471,1782,2050,-1
1543,2279,2690,-1
366,666,2439,-1
66,68,1201,2154
1313,1805,1903,-1
1126,2460,2650,-1
2447,2448,2627,-1
935,1250,2068,-1
240,1665,1807,-1
18,1428,2342,-1
402,741,1050,1640
951,1352,1798,1911
179,1340,1624,1918
1008,1747,1802,-1
2287,2291,2560,2624
52,754,808,1810
1630,1809,2346,-1
550,795,1444,-1
662,1819,1820,2094
1590,1741,1965,-1
315,2066,2113,-1
1749,1861,2823,-1
545,796,1724,-1
632,1820,2921,2922
138,431,804,-1
596,1812,2923,-1
116,1812,1817,2923
837,1656,2596,-1
644,1241,2766,2767
365,1946,2680,-1
236,324,1779,2284
762,944,1373,-1
246,1470,2651,-1
122,1377,2226,-1
1980,2377,2684,-1
1512,1830,1832,-1
532,1591,1829,-1
468,1383,2273,-1
338,1638,1829,1834
1179,1724,2311,-1
1424,1588,1832,-1
317,439,645,1612
437,1847,2908,2916
1106,1749,1861,2022
570,1052,1959,-1
197,459,2366,-1
571,937,1461,1841
1216,1840,2670,-1
293,415,2037,-1
83,947,1844,-1
1605,1635,1843,-1
830,1291,2113,-1
75,395,1683,-1
1750,1836,2236,2676
479,1147,1596,-1
1108,1856,2140,-1
457,717,1248,2283
757,1523,1745,-1
196,773,1784,-1
1674,1960,2153,-1
364,517,647,1144
969,2499,2551,-1
975,1570,1849,2916
758,1265,1592,-1
153,870,1305,-1
1137,1587,2708,-1
269,1286,2128,2814
1815,1837,2053,-1
205,966,1881,2497
604,2381,2651,2653
814,1619,2203,-1
966,1051,1055,1912
1131,1694,1707,-1
494,534,1931,2462
1736,2075,2832,-1
334,1559,1883,-1
99,1375,1978,-1
875,1182,2051,-1
128,679,726,1875
100,615,1372,-1
874,1372,1688,-1
894,1872,2455,-1
441,877,1641,1754
1120,1995,2029,2239
297,1306,2877,-1
1590,1887,1965,-1
1083,1883,1887,-1
1051,1862,1968,-1
56,295,2953,-1
1869,1880,1890,2252
1894,2158,2944,-1
721,1580,2167,-1
834,848,1076,2883
1879,1880,1890,2635
290,860,952,-1
2,6,2364,-1
583,1883,1887,-1
170,1013,1459,-1
1007,1186,1441,2278
695,1213,1555,1628
670,1884,2797,-1
409,1740,1771,2313
3,1117,2478,-1
352,1506,2728,-1
367,380,599,1653
306,2784,2864,-1
457,1928,2320,-1
112,768,2323,-1
446,628,1267,-1
173,706,1798,1904
1903,2187,2188,-1
299,1313,2572,-1
410,897,1575,-1
98,1085,1250,-1
1217,1611,1769,2127
1494,1553,1928,-1
1350,1482,2046,2896
373,706,1805,-1
537,582,1704,1865
292,1055,1267,-1
267,412,835,1622
476,742,1455,-1
182,1125,1386,2538
545,1696,2258,2350
1163,1806,2403,-1
622,2183,2423,-1
123,138,1645,-1
0,82,2320,2329
1233,2164,2357,-1
457,637,1928,-1
332,1535,2353,-1
105,802,1926,-1
786,1025,1105,1925
352,372,1417,-1
215,1900,1909,1923
1528,2463,2613,-1
239,429,534,-1
421,429,987,1867
875,1318,2255,2764
465,926,2706,-1
127,777,1013,-1
510,531,1940,2462
1293,1791,2184,-1
1358,2404,2788,-1
1751,2114,2160,-1
2126,2676,2924,-1
519,1349,1406,1935
494,960,1528,-1
801,818,1008,-1
365,1134,1677,-1
1056,1139,1959,-1
170,1139,1549,-1
1554,1555,1823,2679
150,1371,2633,-1
96,594,1725,1953
125,571,1061,-1
44,635,1118,1563
1954,1965,2634,-1
257,696,700,-1
856,1948,1969,-1
901,1951,2505,-1
235,1029,1376,1540
646,761,1374,2232
336,762,1659,-1
539,816,1408,-1
1090,1462,1838,1944
823,1853,1969,1970
525,1027,1067,-1
334,536,1037,-1
477,1964,2414,-1
1333,1573,1963,2413
1813,1879,1951,2756
358,1506,1731,-1
394,1532,2149,-1
689,1567,1881,-1
1953,1960,1984,-1
1618,1960,1984,-1
712,1683,2695,-1
685,918,1418,-1
472,590,1173,-1
351,1136,1593,2216
731,1142,2016,2386
583,1082,1732,2252
353,890,1356,2803
1870,1979,2288,-1
1978,2460,2484,-1
785,993,1828,-1
78,1088,1982,2536
217,1606,1981,-1
67,633,903,-1
96,144,1969,1970
140,807,1778,-1
764,1258,1988,2273
1005,1596,2465,-1
1014,1539,1986,-1
791,1023,1515,-1
578,1623,2067,2449
360,515,827,833
733,1388,2493,2495
721,2492,2732,-1
1383,1451,2604,-1
993,1002,1877,-1
279,1406,2792,2822
1631,2613,2749,-1
1254,1537,1633,-1
163,321,1598,2195
693,1676,2621,-1
439,2003,2195,-1
574,593,1134,-1
163,1049,1355,2001
80,668,1600,-1
1032,1677,2230,-1
26,1565,2073,-1
819,1740,1744,-1
1339,2102,2869,-1
634,1543,2689,-1
1100,2072,2098,-1
39,1287,1613,2024
174,1607,2024,-1
1095,1271,2907,-1
1339,2524,2866,2870
1120,1503,2230,-1
712,1975,2695,-1
731,2693,2696,-1
600,816,1028,-1
1371,1674,2157,-1
590,688,1135,-1
607,1162,1400,-1
1359,1837,2441,2841
1692,2114,2826,-1
335,2011,2012,-1
385,1331,1753,-1
206,1403,1560,2040
605,1673,2230,-1
457,717,1117,-1
1503,1515,1877,-1
1373,1643,1779,-1
214,1409,2754,-1
1075,2036,2753,-1
1004,1073,2241,-1
2039,2783,2820,-1
1307,1472,2183,-1
2032,2177,2351,-1
126,1110,1842,-1
973,2268,2667,-1
853,1089,1102,2034
893,2026,2736,2935
264,1533,2691,2694
2044,2439,2696,-1
820,1240,2051,-1
366,413,2042,-1
806,1218,1769,2293
283,1200,1910,-1
316,684,2415,-1
206,1200,1482,1724
474,713,803,1527
560,1131,1713,1794
1289,1871,2043,-1
395,1634,1684,-1
1359,1861,2826,-1
69,884,1312,2260
1163,2086,2820,-1
258,882,2312,-1
453,1693,2289,2685
2097,2171,2487,-1
1082,1332,2542,-1
405,447,2172,2173
381,1314,2479,2539
955,1064,2665,-1
154,1247,1266,-1
2259,2908,2914,2958
509,1218,2453,-1
830,1814,2884,-1
857,1060,1990,-1
1353,1739,1766,1801
723,2397,2673,2933
388,708,2703,-1
346,487,849,1490
26,929,2010,-1
838,2006,2098,-1
1562,2076,2964,-1
226,1868,2674,-1
1097,1338,2074,2965
213,290,698,2525
732,2158,2166,-1
104,931,1157,2205
933,1296,2944,-1
298,376,424,1457
698,1309,2721,2810
907,2159,2259,-1
2096,2124,2440,2583
171,409,1457,1771
620,826,2055,2099
2090,2174,2701,-1
980,1183,2790,-1
1278,1525,2738,-1
249,463,2087,-1
396,782,1069,2895
456,1239,2124,2817
311,1669,2525,2871
1195,1714,1812,-1
1043,1341,2099,-1
315,456,2084,2792
568,886,1783,2058
708,2010,2073,-1
1328,2086,2095,-1
289,627,2153,-1
1727,2120,2257,-1
1667,2008,2523,-1
275,2581,2951,-1
862,1150,2454,2901
599,930,2892,-1
291,452,462,992
749,919,1380,2205
2403,2788,2903,-1
1187,1759,2131,2903
982,1386,2111,-1
1733,2110,2600,-1
1298,2852,2889,-1
681,1814,1845,-1
1938,2023,2115,-1
1359,2114,2160,2827
1359,2134,2135,2327
1187,2129,2131,2785
1560,1561,1680,1709
334,629,2252,-1
445,1127,2101,-1
415,1110,2127,-1
59,820,2202,-1
110,232,2706,2926
183,1130,2084,2092
230,2254,2555,-1
1939,2134,2952,-1
559,1908,2121,-1
1304,1860,2266,2886
990,2117,2238,2675
2137,2138,2361,-1
2109,2117,2788,2794
322,367,464,2706
1204,1529,2137,2145
2116,2126,2139,-1
2116,2229,2827,2960
485,1529,2402,-1
2130,2133,2682,-1
691,807,2130,2145
2134,2804,2960,-1
1849,2229,2960,-1
219,904,1666,-1
1475,2246,2556,-1
796,1769,2311,2344
1111,1218,2274,-1
702,2133,2138,-1
1348,1715,2274,-1
911,1611,1729,-1
366,1169,1527,2208
358,527,1067,1967
212,1073,1463,-1
150,289,2157,-1
585,1201,2383,-1
823,1853,2100,2157
604,1604,1797,-1
1027,1532,1534,2156
1233,1546,2155,-1
2019,2151,2153,-1
1150,1884,2078,2795
850,975,2083,-1
1938,2115,2582,2841
524,959,2254,2676
673,1108,1303,2842
2251,2301,2797,2798
132,1922,2168,2170
87,603,1765,-1
562,584,2078,2957
428,841,1885,-1
1232,2164,2171,-1
428,847,958,-1
568,2164,2171,-1
2058,2168,2170,2502
35,390,2060,2510
491,861,2060,-1
680,682,2087,-1
412,1475,2348,-1
208,1755,2621,-1
965,1061,2036,-1
556,1244,1353,-1
799,1262,1290,2180
39,2179,2181,-1
335,2180,2182,-1
139,378,799,2181
1432,1919,2035,-1
703,1781,1936,2190
1333,1397,2186,-1
582,1704,2185,-1
908,1313,1904,-1
446,1904,2777,-1
1307,1472,2190,-1
1310,2184,2189,-1
5,553,1275,2193
1079,1689,2393,-1
971,1730,2191,-1
537,689,1705,-1
333,1999,2001,-1
430,516,2310,-1
1001,1124,2600,-1
350,866,2372,-1
114,666,1289,-1
715,2202,2208,-1
276,1254,1777,-1
1112,2122,2200,-1
919,1568,1864,2253
528,1441,1549,1773
1129,2079,2107,2256
1015,1408,1442,2593
110,393,672,1749
1162,2148,2200,-1
1034,1609,2267,2271
27,351,2216,2317
245,912,1141,1238
687,688,1792,2526
363,1137,2319,-1
2,3,2478,-1
106,2216,2316,-1
1974,2210,2215,-1
594,818,1725,2475
935,1175,2221,-1
426,443,743,2233
714,1571,2645,-1
1068,1196,2218,-1
145,1250,2713,-1
1044,1196,1508,-1
141,1155,1246,-1
535,1116,2779,-1
115,1827,2715,-1
1377,2334,2715,-1
874,1372,2409,-1
1570,2135,2140,2235
742,2005,2015,2027
2235,2582,2827,-1
122,1658,1956,-1
287,2219,2240,-1
91,745,2359,-1
850,2229,2231,-1
631,1303,1847,2916
991,1664,2595,-1
1304,2129,2839,2950
605,1501,1877,-1
230,1524,2233,2246
592,1133,2033,2543
651,1578,1672,2250
442,752,958,2248
559,1180,1315,-1
497,891,2673,-1
927,2142,2240,-1
442,1544,1672,2250
1325,1672,2243,-1
184,702,1649,2588
1542,2242,2247,-1
2163,2454,2795,2796
1883,1976,2119,-1
48,926,1238,2203
454,1721,2125,2161
130,931,1932,2607
15,143,1380,2205
1646,1731,2101,2677
198,796,1917,2352
221,2064,2083,-1
360,427,579,2054
1077,1382,1401,-1
300,1309,2407,-1
10,505,1014,-1
190,294,1299,-1
150,289,331,932
1323,2128,2950,-1
1137,2209,2708,-1
2038,2662,2774,-1
1330,1364,2735,2920
379,2312,2345,-1
2209,2317,2709,-1
526,2281,2422,-1
1831,1986,2323,-1
243,2144,2146,-1
404,723,2760,2761
159,687,1071,2280
565,831,851,-1
1010,1666,1892,-1
543,1493,1496,1795
94,1792,2276,-1
94,2272,2282,2370
159,526,2281,-1
45,81,1850,-1
122,1377,1824,-1
45,1643,1654,-1
705,1275,1648,-1
211,1808,2289,-1
1389,1978,2388,-1
655,2057,2287,-1
359,485,2401,-1
655,692,1808,-1
169,493,512,1680
1179,1188,2045,2311
178,502,848,1159
1197,1247,1574,-1
829,1480,1483,2297
281,2296,2834,-1
67,1093,2302,-1
577,586,1765,-1
1293,1614,2306,2456
670,2163,2454,-1
1119,2298,2886,-1
16,1389,2389,-1
147,2521,2577,-1
1001,1123,2307,-1
684,2300,2455,2618
339,1124,2305,-1
237,2374,2853,-1
1137,2314,2319,-1
832,2196,2482,-1
1833,2143,2293,2339
117,513,2056,2270
1336,1895,2315,-1
726,894,1587,2309
17,1564,2313,-1
1609,2215,2317,2318
2210,2271,2316,-1
2316,2576,2640,-1
1132,1592,2213,2309
710,1900,1921,-1
115,120,2341,-1
608,915,2326,2532
1258,1901,2273,2324
112,468,2323,-1
867,2432,2433,-1
616,862,2322,2917
437,2116,2441,2952
1095,1736,2738,-1
710,1143,1921,-1
699,1541,1788,-1
547,1006,1642,-1
53,121,700,-1
6,261,745,-1
261,1005,2227,-1
603,621,872,-1
400,492,839,2347
859,865,1663,2523
187,939,2494,-1
432,2311,2548,-1
514,804,885,-1
118,2321,2714,-1
839,1412,1803,-1
767,1641,1789,-1
400,432,2143,2347
117,238,1059,2270
660,787,876,1810
193,2336,2344,-1
104,438,1438,2175
1019,1053,2351,-1
512,1917,2352,2609
1774,2036,2349,2753
1315,1611,2258,2350
1421,1546,1924,2357
325,902,1020,2727
119,699,2358,-1
431,617,2358,-1
1922,2353,2712,-1
1036,1219,2355,2356
6,2234,2364,-1
2,1465,2363,2477
807,1650,2130,2743
249,838,2787,-1
6,1500,2360,-1
740,1889,2359,2365
521,2364,2688,-1
873,1839,2367,-1
2366,2415,2659,-1
94,2369,2370,-1
408,968,2368,2371
233,2281,2368,2371
153,2369,2370,-1
61,1125,2198,2373
350,606,2372,2509
981,2308,2375,-1
2374,2428,2809,2861
46,260,2377,-1
42,1593,1828,2376
1685,2379,2387,-1
685,918,2378,-1
1285,2382,2652,-1
246,1863,2383,2652
470,1046,2380,2383
2152,2381,2382,-1
65,621,1400,2385
76,607,2384,-1
223,685,1975,2387
1011,2378,2386,-1
832,2288,2389,2482
1606,2303,2388,-1
475,940,1033,2391
192,1022,2390,-1
85,100,2393,-1
1410,2192,2392,2642
28,1600,1637,2395
41,422,2394,-1
541,1113,2791,-1
161,313,656,2069
734,2399,2400,-1
216,2398,2740,-1
2398,2627,2739,2763
1559,2290,2402,-1
702,899,2136,2401
1918,2108,2581,-1
836,990,1089,1937
404,854,2406,2622
92,135,2405,-1
1183,2262,2811,-1
242,310,2811,-1
1084,1597,2228,2410
235,615,2409,-1
284,1265,2412,-1
790,2411,2658,-1
696,1964,2414,-1
697,1466,1963,2413
2047,2367,2416,2660
294,684,2415,2418
1616,2418,2660,-1
1614,1615,2416,2417
209,1075,2420,-1
218,1365,1463,2419
233,936,2422,-1
508,2272,2421,-1
588,1919,2424,2425
1745,2423,2426,-1
1472,2423,2426,-1
1784,2424,2425,2500
305,2835,2850,2861
2375,2835,2837,-1
394,661,2430,2431
1149,2429,2432,-1
1415,2429,2432,-1
2325,2430,2431,2434
580,1086,2325,2434
1164,2432,2433,-1
2436,2657,2666,2667
386,2435,2437,-1
341,2436,2587,2666
1108,2804,2842,-1
1796,2042,2692,-1
279,1212,1398,2084
484,624,2022,2327
483,790,2443,2444
2442,2545,2746,-1
140,2442,2745,-1
1474,2446,2627,2763
243,1715,2445,2448
1657,1800,2626,-1
1644,1800,2446,-1
447,1990,2450,-1
405,636,954,2449
730,1661,2452,-1
661,1415,1662,2451
415,523,1769,2065
518,2104,2251,2301
316,1875,2306,2456
128,2300,2455,-1
1031,2458,2752,-1
273,2457,2459,2568
473,2458,2751,-1
1375,1799,1979,2461
962,2460,2483,-1
519,1867,1935,2463
494,540,1929,2462
874,1596,2465,-1
573,1497,1987,2464
657,2467,2468,-1
1741,2466,2756,-1
581,1428,2466,2755
766,2470,2471,-1
1042,1655,2469,2472
377,1790,2469,2472
678,2470,2471,-1
570,1461,2474,-1
265,571,934,2473
1028,2217,2476,-1
818,991,1664,2475
709,2360,2478,-1
798,1896,2214,2477
390,1433,2061,2480
35,2479,2539,-1
2482,2483,2513,-1
2310,2388,2481,2484
323,2461,2481,2484
1979,2482,2483,-1
671,1012,2486,-1
156,663,1357,2485
2058,2488,2501,-1
1235,1245,2487,-1
29,609,648,2490
195,611,698,2489
748,2492,2590,-1
428,1993,2491,-1
390,1992,2494,2511
411,2338,2493,-1
694,704,1992,2496
62,411,2495,-1
333,439,1862,2498
317,1569,2497,-1
1305,1855,2500,-1
773,1691,2426,2499
43,776,2487,2502
728,2171,2501,-1
1022,1047,2504,-1
357,892,920,2503
1954,2669,2742,-1
630,1676,2507,2620
561,1292,2506,-1
182,1122,2509,-1
516,549,2373,2508
643,739,2172,2511
737,2493,2510,-1
515,2513,2514,-1
323,2481,2512,2515
458,833,2512,2515
430,2513,2514,-1
1307,1432,2517,2518
1424,2516,2519,-1
1434,2516,2519,-1
767,1153,2517,2518
581,1427,2626,2755
151,2304,2585,2771
2643,2736,2936,-1
2102,2337,2524,-1
865,1321,2014,2523
865,2077,2093,2870
572,2212,2527,-1
554,968,1792,2526
1119,2529,2839,-1
967,1001,2528,2758
2757,2839,2840,-1
1285,1395,2532,-1
11,2322,2531,-1
633,903,2534,2535
978,2533,2536,-1
68,2533,2536,-1
217,1981,2534,2535
625,2538,2539,-1
381,822,1916,2537
2061,2480,2537,-1
1249,1668,2724,-1
741,842,2542,-1
1426,1732,2059,2541
1463,2241,2544,-1
209,941,1003,2543
769,2443,2546,-1
790,1265,2545,2573
481,1474,2548,-1
1188,2339,2547,-1
529,2550,2552,-1
196,773,2549,2551
1855,2550,2552,-1
557,997,2549,2551
730,1087,2554,-1
323,478,962,2553
948,1237,2125,2556
1168,2142,2555,2566
947,1294,2558,-1
348,750,2557,2691
1572,2560,2625,-1
211,1808,2559,-1
346,1367,2562,-1
139,253,849,2561
52,95,1658,2564
88,795,2563,-1
387,1237,2566,-1
1129,1475,2556,2565
473,2568,2569,-1
1451,2458,2567,2570
1539,2567,2570,2630
764,2568,2569,-1
1178,2572,2697,-1
908,1244,1905,2571
769,2546,2574,2575
1034,1609,2573,2576
2573,2576,2656,-1
2318,2574,2575,-1
675,1391,2304,2578
501,1634,2577,-1
680,1363,2580,-1
630,683,2579,-1
179,2103,2403,2675
2160,2231,2825,-1
681,1291,2084,2584
828,1398,2583,-1
2521,2586,2770,-1
1375,2585,2769,2771
184,1778,2437,2588
327,2249,2587,-1
1194,2590,2591,-1
428,2491,2589,2592
342,694,2589,2592
719,2590,2591,-1
356,2206,2594,-1
252,1442,1656,2593
1656,2237,2596,-1
1042,1655,1821,2595
233,936,2598,-1
153,517,1519,2597
61,1234,1486,2600
2111,2197,2599,2758
936,1519,2604,-1
364,921,1519,1526
1383,1521,2604,-1
508,1994,2601,2603
1586,2606,2645,-1
438,1438,2605,2607
2255,2606,2608,-1
1586,2607,2764,-1
239,1601,2350,2610
512,905,2609,-1
2612,2613,2747,-1
9,2611,2614,2941
1929,1997,2611,2614
540,2612,2613,-1
647,2616,2765,-1
1584,1586,2615,-1
313,1101,2643,2736
1471,2306,2619,-1
684,1299,2618,-1
2506,2621,2622,-1
2000,2176,2620,2623
630,2405,2620,2623
135,2621,2622,-1
1711,1730,1808,2625
971,1705,2559,2624
901,2447,2520,2628
1800,2400,2445,2628
481,2626,2627,2741
2665,2672,2729,2730
2569,2631,2632,-1
36,1539,2630,2633
932,1448,2630,2633
1947,2631,2632,-1
1951,2635,2669,-1
175,1887,2634,-1
800,1579,2637,2638
49,2636,2639,-1
1780,2636,2639,-1
1152,1761,2637,2638
106,2318,2641,-1
85,2640,2642,2656
1413,2393,2641,-1
1038,2522,2617,2791
917,2645,2646,-1
2220,2605,2644,2647
835,1588,2644,2647
1622,2645,2646,-1
1449,2649,2768,-1
771,2648,2650,-1
591,1799,2649,2769
349,720,1826,1863
65,2380,2381,2653
747,1863,2652,-1
1246,1252,2665,2672
769,1492,2656,-1
109,2575,2641,2655
483,2435,2658,-1
2412,2657,2667,2775
2367,2660,2663,2772
2415,2417,2659,2661
320,2660,2773,-1
2268,2663,2664,2772
18,1636,2659,2662
18,970,2662,-1
805,2062,2629,2654
489,2435,2437,-1
2038,2435,2658,-1
172,1718,2669,2742
2505,2634,2668,-1
937,1429,1841,2671
627,778,2670,-1
141,744,2629,2654
891,2069,2245,2929
1095,1271,1488,2075
1230,2129,2581,2946
1847,1939,2161,2952
1652,2257,2678,-1
394,661,1646,2677
1550,1946,2680,-1
612,1514,1823,2679
1204,1671,2682,-1
262,1018,2137,2681
260,949,1479,2684
1002,1828,2683,-1
655,2057,2686,-1
654,1671,2685,-1
813,938,2688,-1
91,791,2365,2687
1186,1441,2009,2690
904,1795,2689,-1
498,760,2041,2558
760,2439,2693,-1
1533,2017,2692,-1
947,1418,2041,-1
1971,2016,2696,-1
2017,2042,2695,-1
136,2571,2698,2699
908,2697,2777,-1
1645,2697,2776,-1
890,1337,2701,2702
463,2087,2700,2703
19,2700,2703,-1
2070,2701,2702,-1
74,1395,2705,-1
465,1752,2704,-1
1933,2123,2132,2707
129,330,2706,-1
1859,2267,2709,2710
2271,2708,2711,-1
24,1594,2708,2711
30,2709,2710,-1
1092,2357,2713,-1
1085,1421,2222,2712
8,2341,2715,-1
1497,2226,2227,2714
118,2717,2778,-1
108,1467,2716,2718
461,2717,2779,-1
189,928,1316,2720
270,1319,2719,-1
2082,2722,2912,-1
29,698,2721,2872
1331,1399,2724,2889
1402,2540,2723,2891
301,1341,1414,1436
237,250,1414,2853
372,2354,2728,-1
525,1897,2727,-1
744,805,2629,2731
748,2629,2732,-1
721,794,2729,2732
1993,2730,2731,-1
25,1109,1488,2734
203,2733,2929,2933
1292,1320,2269,2829
1104,2040,2522,2617
2828,2833,2929,-1
38,1405,2089,2328
2400,2740,2741,-1
208,2399,2739,2742
2628,2739,2742,-1
2505,2668,2740,2741
1376,2361,2744,2745
1540,2743,2746,-1
2444,2743,2746,-1
1492,2443,2744,2745
2611,2748,2749,2902
923,2747,2940,2941
639,1750,1997,2747
2875,2877,2940,2942
2459,2752,2753,-1
1171,2457,2751,2754
2032,2351,2751,2754
2031,2752,2753,-1
2468,2520,2756,-1
901,1965,2467,2755
981,2530,2786,2809
836,2529,2600,2786
1474,2761,2763,-1
92,414,2275,2762
497,2275,2759,-1
734,1715,2760,2763
2400,2445,2759,2762
1932,2608,2765,2766
2615,2764,2767,-1
1318,1822,2764,-1
642,1822,2765,-1
124,2648,2769,2770
2586,2650,2768,-1
160,2585,2768,-1
1346,2521,2586,-1
2659,2662,2773,2774
1743,2661,2772,-1
2268,2772,2775,-1
284,1743,2658,2774
123,444,2699,2777
2188,2698,2776,-1
2716,2779,2780,-1
2225,2718,2778,2781
120,2778,2781,-1
164,1035,2779,2780
129,306,2784,-1
826,913,2034,-1
1737,1899,2782,-1
269,1304,2117,2796
990,2757,2758,2839
420,1190,2362,-1
1937,2108,2131,-1
72,541,2791,-1
1184,2088,2793,2851
2396,2643,2789,-1
9,531,1996,2096
1174,1176,2790,2808
2131,2796,2798,-1
824,2158,2251,2797
1762,2251,2785,2794
1404,1894,2163,2795
1759,2163,2794,-1
90,2800,2801,-1
945,1334,2799,2803
2799,2802,2965,-1
353,2801,2803,2962
1757,1977,2800,2802
2139,2438,2924,-1
165,222,2806,-1
178,399,1266,2805
1176,2851,2853,-1
250,513,1407,2793
2375,2757,2831,2927
213,2082,2811,2909
2407,2408,2810,-1
181,1435,2814,-1
286,1435,2815,-1
370,602,1860,2812
397,2813,2816,-1
586,602,1282,2815
183,297,2092,2943
279,2819,2822,-1
1212,2818,2943,-1
1358,2034,2055,-1
716,943,1370,2894
9,1996,2818,-1
225,1815,2826,-1
961,1140,1699,-1
247,2582,2841,-1
2023,2053,2823,-1
2115,2135,2231,-1
2737,2832,2928,-1
2735,2833,2918,-1
129,1751,2841,2926
179,1624,2809,2951
1868,2828,2918,-1
203,2737,2829,-1
227,2297,2938,-1
2427,2428,2859,-1
116,1195,1716,2938
2428,2859,2927,-1
275,2840,2927,-1
2238,2528,2530,2786
2530,2838,2950,-1
2022,2160,2825,2830
2162,2438,2879,2959
344,502,2845,2954
295,2846,2847,-1
2843,2847,2880,2955
1667,2844,2955,-1
2844,2845,2881,2953
1166,1624,1627,-1
301,1166,1341,1624
649,2427,2851,-1
2790,2807,2850,-1
397,1070,1282,2112
2308,2726,2807,2861
185,2925,2966,-1
1717,2856,2874,2919
1156,2855,2857,-1
560,963,2856,2874
326,1211,1334,-1
1627,2835,2837,-1
669,1545,1621,1707
301,2375,2427,2853
343,2863,2864,-1
2862,2865,2913,-1
1734,1899,2862,2865
329,2863,2864,2915
788,1319,2014,2867
782,1339,2866,-1
589,2869,2871,-1
878,2008,2868,-1
314,858,2014,2525
858,2093,2868,-1
434,2722,2873,2939
165,296,2872,-1
278,1362,2855,2857
631,1302,1423,2750
673,1191,2879,-1
1191,1302,1878,2750
639,2879,2959,-1
2842,2876,2878,-1
1767,2845,2881,-1
2847,2880,2882,-1
1076,2881,2883,-1
471,1767,1886,2882
456,2066,2890,2893
1306,2887,2890,-1
784,2128,2302,-1
1191,2885,2893,-1
1070,1251,2891,-1
2112,2723,2891,-1
830,1239,2884,2885
2724,2888,2889,-1
1249,1256,2105,-1
2884,2887,2941,-1
375,855,2821,-1
1043,1328,2091,-1
283,1210,1910,2898
185,304,419,-1
480,1710,2896,-1
1750,2902,2908,-1
923,2902,2914,-1
670,2104,2913,2944
2747,2899,2900,-1
1230,2108,2109,-1
34,2906,2907,-1
4,2906,2907,-1
25,2904,2905,-1
2013,2904,2905,-1
221,1836,2064,2899
2810,2910,2912,-1
952,2909,2911,-1
2910,2912,2939,-1
2721,2909,2911,-1
2863,2901,2967,-1
1198,2064,2900,-1
312,322,1735,2865
1836,1856,2236,2958
470,603,1285,2326
201,2829,2832,-1
558,669,1347,2855
84,1272,1300,2269
1295,1387,1817,2932
495,1817,2923,2930
1192,1819,1820,2922
1939,2804,2959,-1
191,558,2854,-1
234,1749,2123,2830
2809,2837,2838,2951
226,2828,2929,2931
2673,2734,2737,2928
2922,2931,2932,-1
1205,2928,2930,-1
891,2921,2930,-1
168,656,2069,2734
171,191,1276,-1
277,2040,2936,2938
2522,2935,2937,-1
1716,2936,2938,-1
2834,2836,2935,2937
860,2872,2911,-1
639,1191,2748,2750
308,2612,2748,2893
297,923,1198,2750
308,923,2817,2819
1150,1884,2080,2901
368,1211,2948,-1
275,869,2675,2950
650,1723,2948,2949
1699,2945,2947,-1
171,809,1476,2947
2238,2266,2840,2946
1627,2103,2831,2927
1721,2126,2327,2676
401,1882,2847,2954
56,1159,2843,2953
344,2845,2846,-1
286,562,584,1070
845,1150,1296,2166
975,1423,2064,2916
1303,2842,2878,2924
2135,2139,2140,-1
201,2963,2964,-1
1097,2802,2963,2965
1181,1422,2961,2962
2074,2961,2965,-1
2076,2801,2962,2964
626,1347,2854,-1
608,915,2913,-1
