0.02041318453848362	-0.25252413749694824	0.0
-0.34023553133010864	0.1022837683558464	0.0
-0.32323703169822693	0.16914859414100647	0.0
-0.29858267307281494	0.2325718104839325	0.0
-0.2532787322998047	0.2813869118690491	0.0
-0.20394542813301086	0.3256724178791046	0.0
-0.14431650936603546	0.3515256345272064	0.0
-0.08463065326213837	0.37722283601760864	0.0
-0.021634576842188835	0.38610994815826416	0.0
0.04262780398130417	0.38632452487945557	0.0
0.10689134895801544	0.38637709617614746	0.0
0.16971418261528015	0.37326905131340027	0.0
0.23117408156394958	0.35309532284736633	0.0
0.2769031226634979	0.3065028786659241	0.0
0.31331512331962585	0.2498222440481186	0.0
0.3323415219783783	0.18372352421283722	0.0
0.3496222496032715	0.11694362014532089	0.0
0.36897560954093933	0.05082811042666435	0.0
0.38032448291778564	-0.016832241788506508	0.0
0.366822212934494	-0.08427868038415909	0.0
0.3509615659713745	-0.1514681577682495	0.0
0.3156931400299072	-0.2078355848789215	0.0
0.2710806429386139	-0.25774046778678894	0.0
0.22646211087703705	-0.3076389729976654	0.0
0.16862566769123077	-0.3364715278148651	0.0
0.10903748124837875	-0.3624338209629059	0.0
0.046511515974998474	-0.3767891228199005	0.0
-0.017094627022743225	-0.38083338737487793	0.0
-0.07933228462934494	-0.3646344244480133	0.0
-0.13906927406787872	-0.3399486243724823	0.0
-0.19447048008441925	-0.30483847856521606	0.0
-0.24872742593288422	-0.26768290996551514	0.0
-0.29392650723457336	-0.21953770518302917	0.0
-0.3310779631137848	-0.16318733990192413	0.0
-0.357629656791687	-0.10068853199481964	0.0
-0.36648422479629517	-0.03340749442577362	0.0
-0.354492723941803	0.03467724099755287	0.0
-0.04319118708372116	-0.2571530342102051	0.0
-0.10395708680152893	-0.23782286047935486	0.0
-0.15320123732089996	-0.19575712084770203	0.0
-0.1922779232263565	-0.14126506447792053	0.0
-0.21592463552951813	-0.07697820663452148	0.0
-0.22557157278060913	-0.008649615570902824	0.0
-0.2201651632785797	0.05911139026284218	0.0
-0.19885729253292084	0.1234753280878067	0.0
-0.15913823246955872	0.177384153008461	0.0
-0.10764902085065842	0.2184203416109085	0.0
-0.04901899769902229	0.24595293402671814	0.0
0.01359824649989605	0.25617465376853943	0.0
0.07669353485107422	0.24730683863162994	0.0
0.13634786009788513	0.22289319336414337	0.0
0.18384501338005066	0.17740903794765472	0.0
0.2138536125421524	0.11701639741659164	0.0
0.22655083239078522	0.049229953438043594	0.0
0.2244729846715927	-0.019925851374864578	0.0
0.21555636823177338	-0.08819311857223511	0.0
0.18335212767124176	-0.14680665731430054	0.0
0.1346106082201004	-0.1913784295320511	0.0
0.08058595657348633	-0.2285771667957306	0.0
0.07869003713130951	0.14636780321598053	-0.6397569477558136
-0.008627624250948429	-0.14189566671848297	-0.5527739822864532
0.012457005679607391	0.23352749645709991	-0.46454206109046936
0.06714123487472534	0.23769168555736542	-0.33871322870254517
0.04915349557995796	0.247933492064476	-0.2394629716873169
0.1237521842122078	-0.16320841014385223	-0.268032431602478
-0.059568800032138824	0.24031159281730652	-0.17539769411087036
0.05118102952837944	-0.20987841486930847	-0.18106132745742798
-0.027324214577674866	0.251069575548172	-0.14690101146697998
0.04283679276704788	0.2563104033470154	-0.08611196279525757
-0.0041623045690357685	-0.24839837849140167	-0.10386818647384644
0.10324928909540176	0.24054712057113647	-0.0662541389465332
0.022500326856970787	-0.2526734471321106	-0.05854314565658569
0.16927291452884674	-0.17017370462417603	-0.052110254764556885
-0.23295599222183228	-0.0331244170665741	-0.3129196763038635
-0.2324296534061432	-0.0032076346687972546	-0.23919546604156494
-0.21473675966262817	-0.11724331974983215	-0.16388410329818726
0.2243923395872116	0.009905504994094372	-0.19971919059753418
-0.22480076551437378	0.06227631866931915	-0.1388276219367981
-0.14169472455978394	-0.19664962589740753	-0.23371672630310059
-0.19930727779865265	0.12233827263116837	-0.24060922861099243
-0.19463366270065308	-0.15195633471012115	-0.26532816886901855
0.21444693207740784	-0.05643564462661743	-0.252322793006897
0.19714553654193878	0.12242743372917175	-0.25478142499923706
-0.17128483951091766	0.16493995487689972	-0.2298542857170105
-0.1623283326625824	0.17572751641273499	-0.17700064182281494
0.17136871814727783	0.18036194145679474	-0.21380341053009033
0.21952567994594574	-0.08180427551269531	-0.1306016445159912
0.1723765730857849	0.18962137401103973	-0.13914310932159424
-0.07941537350416183	-0.22211863100528717	-0.190931499004364
-0.17868365347385406	0.15981045365333557	-0.11606359481811523
0.19025692343711853	-0.13329385221004486	-0.14214485883712769
0.1130979061126709	0.2338756024837494	-0.13299065828323364
-0.1000475287437439	-0.23760883510112762	-0.11615496873855591
0.19057145714759827	-0.14237463474273682	-0.08499312400817871
-0.14288276433944702	0.191986083984375	-0.08987957239151001
0.1189502701163292	-0.005367868579924107	-0.6191627681255341
0.04539079591631889	-0.1749466508626938	-0.380997896194458
-0.07551412284374237	0.2353503257036209	-0.08567166328430176
-0.11682677268981934	0.16517440974712372	-0.5428972840309143
0.016550034284591675	0.25718024373054504	-0.037168145179748535
-0.017088936641812325	0.2557767629623413	-0.058981895446777344
0.09226619452238083	-0.22068218886852264	-0.06987804174423218
-0.06486684083938599	-0.25455817580223083	-0.06808793544769287
0.006421032827347517	-0.23259522020816803	-0.14471852779388428
-0.047742027789354324	0.22889231145381927	-0.4233300983905792
-0.18140378594398499	-0.17077283561229706	-0.05523329973220825
0.19726794958114624	-0.1363040655851364	-0.04458153247833252
-0.197804257273674	0.06890705972909927	-0.4766443967819214
-0.21530362963676453	-0.0038976245559751987	-0.46362635493278503
-0.16731682419776917	-0.08512604981660843	-0.5443297922611237
-0.21403542160987854	-0.11322483420372009	-0.32074183225631714
-0.20456381142139435	-0.10467362403869629	-0.41200292110443115
-0.2117922008037567	0.07363387197256088	-0.35152679681777954
-0.20685076713562012	0.0989498719573021	-0.29974889755249023
-0.18856869637966156	0.12635603547096252	-0.37101370096206665
0.19044847786426544	0.03791029378771782	-0.4101213216781616
-0.17941270768642426	-0.1525278091430664	-0.3396226763725281
-0.1496511995792389	0.18003110587596893	-0.3433980345726013
-0.10710906237363815	0.20980939269065857	-0.34127962589263916
0.1814221441745758	-0.020876038819551468	-0.4449903666973114
-0.052462998777627945	-0.18887923657894135	-0.3761258125305176
0.13372492790222168	0.16725380718708038	-0.46449705958366394
-0.08542008697986603	0.22361993789672852	-0.30683839321136475
0.18047243356704712	0.08571973443031311	-0.4149767756462097
0.1573854684829712	-0.11342249810695648	-0.3849141001701355
-0.09201037138700485	0.22356244921684265	-0.2684780955314636
-0.08062583208084106	0.23077240586280823	-0.2217472791671753
0.15982979536056519	0.1575678139925003	-0.37217825651168823
-0.02702808752655983	-0.1989300698041916	-0.29125702381134033
-0.062383174896240234	-0.1952572464942932	-0.32018518447875977
0.12000264972448349	0.20944169163703918	-0.35254180431365967
0.22360490262508392	0.060259267687797546	-0.1506260633468628
0.2199506014585495	0.09585364907979965	-0.11079007387161255
-0.22565412521362305	-0.07164943218231201	-0.11541950702667236
-0.23142926394939423	-0.004232851322740316	-0.12247073650360107
0.2302030771970749	-0.03324699029326439	-0.1230965256690979
0.13773569464683533	-0.1412874162197113	-0.3344781994819641
0.01862684264779091	-0.20141877233982086	-0.24835997819900513
0.20277349650859833	-0.10752294212579727	-0.20262694358825684
0.2322562336921692	0.001959661254659295	-0.06218361854553223
0.027235668152570724	0.25403597950935364	-0.18805718421936035
0.20320644974708557	0.1434682011604309	-0.12020230293273926
0.13617990911006927	0.2195827215909958	-0.17750728130340576
-0.17154839634895325	-0.1902734339237213	-0.10206913948059082
0.09329842031002045	0.2312503308057785	-0.2870910167694092
-0.20666494965553284	0.10506275296211243	-0.10726737976074219
-0.13701441884040833	-0.2196613848209381	-0.09344762563705444
-0.13033927977085114	0.20546741783618927	-0.15022146701812744
-0.10121658444404602	0.22411876916885376	-0.179476797580719
-0.015509437769651413	-0.22176465392112732	-0.18566656112670898
0.05393299087882042	0.2513120472431183	-0.15310829877853394
-0.21174880862236023	-0.1116633415222168	-0.05571490526199341
0.14073121547698975	-0.16757608950138092	-0.19902992248535156
0.17011070251464844	-0.12896308302879333	-0.2622222900390625
0.14719077944755554	0.2154615819454193	-0.07221335172653198
0.1156248226761818	0.2252541482448578	-0.23302161693572998
0.03484548628330231	-0.17038455605506897	-0.4349719285964966
-0.22932766377925873	0.027576692402362823	-0.0668787956237793
0.15831592679023743	-0.17099016904830933	-0.11726069450378418
0.21238747239112854	-0.10852634906768799	-0.07767105102539062
0.2186174988746643	0.1015135794878006	-0.061082422733306885
0.057601261883974075	-0.09254561364650726	-0.6100812554359436
-0.12038562446832657	-0.23308998346328735	-0.06033509969711304
-0.07598689198493958	0.23439288139343262	-0.14721018075942993
0.08561655879020691	0.2440750002861023	-0.18476414680480957
0.19575628638267517	0.16001427173614502	-0.0637439489364624
-0.2025229036808014	0.11796408146619797	-0.05978745222091675
-0.17266204953193665	0.1651185303926468	-0.05747288465499878
0.22861163318157196	-0.05277388170361519	-0.06315630674362183
-0.13100267946720123	0.20232582092285156	-0.04374188184738159
-0.1930312067270279	-0.1633930653333664	-0.1567906141281128
0.2055753916501999	0.12403004616498947	-0.17218482494354248
-0.025172781199216843	0.2486068457365036	-0.19952929019927979
-0.010197333060204983	0.25538989901542664	-0.11089122295379639
-0.08621541410684586	0.19894754886627197	-0.5035025179386139
0.13488051295280457	-0.1941758692264557	-0.07056015729904175
0.043660782277584076	0.07013045996427536	-0.7306934744119644
-0.20029592514038086	-0.14152105152606964	-0.10567402839660645
0.08112972974777222	0.24656535685062408	-0.11057597398757935
-0.04548943415284157	-0.24116723239421844	-0.13821637630462646
0.010195031762123108	0.2406376451253891	-0.3938702642917633
0.07881610840559006	-0.18764249980449677	-0.24345678091049194
-0.007915468886494637	0.25619909167289734	-0.020186305046081543
0.04644671455025673	-0.23147757351398468	-0.11485785245895386
0.10685589909553528	-0.2007349282503128	-0.139418363571167
0.08408743888139725	-0.1736321896314621	-0.32106781005859375
-0.14622816443443298	0.08321748673915863	-0.6175235211849213
-0.14065560698509216	-0.023201467469334602	-0.6271724700927734
-0.16906005144119263	0.02275816537439823	-0.5941374897956848
-0.09892851859331131	0.1547611951828003	-0.6114072203636169
-0.04066576436161995	-0.07891049236059189	-0.6508336961269379
-0.13409729301929474	0.16823889315128326	-0.47748327255249023
-0.143546462059021	0.17330040037631989	-0.41724374890327454
-0.16782663762569427	-0.14164195954799652	-0.4214138984680176
0.15878938138484955	-0.08198106288909912	-0.4445933997631073
-0.03884156420826912	-0.11198114603757858	-0.605403482913971
-0.13498803973197937	0.12647512555122375	-0.5861166715621948
0.15892434120178223	0.03828268498182297	-0.5215283930301666
-0.15770263969898224	-0.12132832407951355	-0.5064544379711151
0.048485178500413895	0.2089657187461853	-0.5602251887321472
-0.21801358461380005	-0.0621439553797245	-0.4270764887332916
0.11698833853006363	-0.089596688747406	-0.5397041738033295
-0.10043363273143768	-0.173872709274292	-0.41658833622932434
0.019731195643544197	0.2291189283132553	-0.5109156966209412
0.17678716778755188	0.017850929871201515	-0.46770304441452026
0.08200092613697052	0.17750264704227448	-0.5842250883579254
0.17099471390247345	0.06607971340417862	-0.4733390808105469
0.20516441762447357	0.002118494128808379	-0.3565254807472229
0.17953205108642578	0.1125124990940094	-0.3807939887046814
0.1344587802886963	-0.044341087341308594	-0.5550372898578644
0.0753832682967186	-0.15151385962963104	-0.4598964750766754
-0.16116946935653687	0.12657932937145233	-0.5100336968898773
-0.12583224475383759	-0.10752247273921967	-0.5659230351448059
-0.22582851350307465	0.025904366746544838	-0.3463035821914673
0.15511681139469147	0.1165723130106926	-0.4810701310634613
0.16438481211662292	-0.013069601729512215	-0.5037469565868378
0.20467044413089752	0.08151106536388397	-0.2775994539260864
0.14117854833602905	0.1752799153327942	-0.40656861662864685
0.006729616317898035	0.24567916989326477	-0.33617526292800903
-0.03260064497590065	-0.17735856771469116	-0.4403380751609802
-0.1689363718032837	0.16481316089630127	-0.2796657085418701
-0.2256956845521927	-0.021570196375250816	-0.38067036867141724
-0.21979977190494537	0.07031764090061188	-0.2294260859489441
0.07038071006536484	0.229360893368721	-0.4023411273956299
-0.1056719422340393	0.20467667281627655	-0.3969552218914032
0.18390198051929474	-0.09571687132120132	-0.3241104483604431
-0.025985239073634148	0.24413824081420898	-0.28278958797454834
0.14186975359916687	0.20025214552879333	-0.2799593210220337
-0.05082196369767189	0.23212102055549622	-0.3634098768234253
-0.10301142185926437	-0.1869991570711136	-0.33994412422180176
-0.2235245704650879	-0.07319367676973343	-0.37159180641174316
0.169142946600914	0.16443240642547607	-0.29424506425857544
0.04706686735153198	-0.1893530786037445	-0.2852654457092285
0.10786231607198715	0.20156408846378326	-0.44178634881973267
-0.18496233224868774	0.13943472504615784	-0.31336265802383423
-0.23308682441711426	-0.036097437143325806	-0.18448889255523682
0.19607099890708923	0.06271267682313919	-0.35338521003723145
-0.12685099244117737	0.2017386257648468	-0.2799718379974365
-0.2254311740398407	0.03799200430512428	-0.30360889434814453
-0.029437903314828873	0.2197730541229248	-0.5145697891712189
0.22648310661315918	0.05707699432969093	-0.08420157432556152
-0.22557120025157928	-0.09510142356157303	-0.21336311101913452
-0.03578103333711624	-0.20933833718299866	-0.24585121870040894
0.09792595356702805	-0.15469877421855927	-0.40279826521873474
0.2141774445772171	0.06911282241344452	-0.22308754920959473
-0.19934827089309692	0.12159489095211029	-0.17350971698760986
-0.08540282398462296	-0.20378756523132324	-0.2769259214401245
0.12331228703260422	0.1458168625831604	-0.5430660843849182
0.22866466641426086	0.0170587208122015	-0.13515520095825195
0.04359853267669678	0.24595506489276886	-0.2947303056716919
-0.22023119032382965	0.07185342907905579	-0.07745498418807983
0.2263067364692688	-0.04799211770296097	-0.18186324834823608
0.06369727104902267	0.22274106740951538	-0.4821590483188629
0.0332917720079422	-0.11692280322313309	-0.5845442712306976
-0.003910035360604525	-0.18428242206573486	-0.3845807909965515
-0.22993309795856476	0.019803058356046677	-0.17773371934890747
-0.0267023965716362	-0.1914779096841812	-0.3395863175392151
-0.21139386296272278	0.09463047981262207	-0.19281256198883057
-0.2260521501302719	-0.037252530455589294	-0.05314326286315918
-0.1253557652235031	0.20775489509105682	-0.20874446630477905
0.010369989089667797	-0.1630042940378189	-0.4819878339767456
0.018952488899230957	-0.19054818153381348	-0.3218061923980713
-0.22138196229934692	-0.07470857352018356	-0.052913129329681396
0.18912069499492645	0.1195649653673172	-0.3199746608734131
-0.1750149428844452	-0.1779397875070572	-0.20473456382751465
0.18983346223831177	0.16149598360061646	-0.1575729250907898
0.2102009356021881	-0.03502737730741501	-0.31445837020874023
0.1596195101737976	0.14053332805633545	-0.4209475815296173
0.2275351583957672	-0.012170437723398209	-0.16361552476882935
-0.14616435766220093	-0.2085305154323578	-0.159190833568573
-0.2269970178604126	-0.0758059024810791	-0.16998010873794556
-0.14105013012886047	-0.18189167976379395	-0.30361253023147583
-0.20609566569328308	-0.13975146412849426	-0.19714891910552979
-0.15698179602622986	-0.20213867723941803	-0.06282305717468262
-0.05293147265911102	0.14752504229545593	-0.6894925981760025
0.00205842312425375	-0.04206577315926552	-0.6954551339149475
0.0013800348388031125	0.17714931070804596	-0.6674246340990067
-0.12439064681529999	0.03629649803042412	-0.6652095317840576
-0.09073369950056076	0.08444401621818542	-0.7029810845851898
-0.08469497412443161	-0.004931408911943436	-0.6995788067579269
0.10628533363342285	0.08118095248937607	-0.6434009224176407
0.11476574093103409	-0.11722154915332794	-0.4961497187614441
0.04413079097867012	-0.05930186063051224	-0.6572267860174179
-0.11862305551767349	-0.153422549366951	-0.47733020782470703
-0.06918294727802277	0.18974368274211884	-0.5828622877597809
-0.0982346460223198	0.2037729173898697	-0.440585732460022
-0.19314198195934296	-0.012769310735166073	-0.5389183461666107
-0.19213543832302094	0.03133958950638771	-0.5297668874263763
-0.09268520772457123	-0.0744733214378357	-0.6344625949859619
0.07578602433204651	0.027104154229164124	-0.687720313668251
-0.17347419261932373	0.08307801187038422	-0.5475424826145172
-0.0873543843626976	-0.1429145634174347	-0.5300485491752625
0.06765356659889221	-0.12434820085763931	-0.5477653741836548
0.07091074436903	0.11023122817277908	-0.6897673606872559
-0.0569634810090065	-0.1658886969089508	-0.4861334264278412
-0.005434239283204079	0.2045651376247406	-0.6060583293437958
-0.05949989706277847	0.2198030799627304	-0.46580567955970764
-0.19817698001861572	-0.06652548164129257	-0.5033772885799408
-0.04015330597758293	0.18150831758975983	-0.6365311443805695
-0.17026960849761963	0.1331208497285843	-0.4492439925670624
-0.0070778680965304375	0.21514250338077545	-0.5580898225307465
-0.18067610263824463	-0.051576096564531326	-0.5532345771789551
-0.10536803305149078	0.16231688857078552	-0.5816623270511627
0.05599464103579521	-0.146112322807312	-0.5076321363449097
0.004904837813228369	-0.09913714975118637	-0.6246905624866486
0.1957475244998932	-0.009417797438800335	-0.3959842026233673
0.09917246550321579	0.19386504590511322	-0.5093002617359161
0.1446317434310913	0.09537190943956375	-0.5340224206447601
0.04828542470932007	0.1916608214378357	-0.6233789026737213
0.19414673745632172	-0.05645345523953438	-0.3756353259086609
0.21650393307209015	0.01655483990907669	-0.2784336805343628
-0.1956404447555542	-0.1023828312754631	-0.4559982120990753
-0.23216833174228668	-0.049664340913295746	-0.2445651888847351
-0.21638312935829163	0.044933076947927475	-0.40348348021507263
-0.20077429711818695	-0.12242250144481659	-0.38134366273880005
0.12077954411506653	-0.12962260842323303	-0.44136178493499756
0.15262717008590698	-0.06524081528186798	-0.4992556571960449
0.10100150108337402	-0.07445725053548813	-0.588261216878891
-0.15236808359622955	-0.06486579030752182	-0.5897218286991119
0.11029816418886185	0.22000455856323242	-0.3186601400375366
-0.07464947551488876	-0.1260094791650772	-0.5800605118274689
-0.2254084348678589	-0.09094053506851196	-0.2721744775772095
0.09488146007061005	-0.19410376250743866	-0.1867731213569641
0.14892512559890747	0.007634118665009737	-0.5488569140434265
-0.11097849905490875	0.12464259564876556	-0.6467980593442917
-0.08027243614196777	0.04857591912150383	-0.7189806550741196
0.059951502829790115	-0.016842162236571312	-0.6828755885362625
-0.08569026738405228	-0.03279758244752884	-0.67740298807621
0.0757163017988205	0.06874490529298782	-0.6971311867237091
0.047331005334854126	0.15707144141197205	-0.6724293082952499
-0.032914917916059494	0.08264782279729843	-0.7494749426841736
-0.04509838670492172	0.0035401317290961742	-0.728481650352478
-0.07816461473703384	0.16508027911186218	-0.6325438916683197
0.016909711062908173	0.13340020179748535	-0.7200367599725723
0.12914276123046875	0.10634291917085648	-0.5741502940654755
-0.17067714035511017	-0.025769636034965515	-0.5805245041847229
-0.11984656751155853	0.08011653274297714	-0.6616363674402237
0.042807191610336304	0.009461157955229282	-0.7146903872489929
-0.17233316600322723	0.05409225821495056	-0.5724985003471375
0.13906560838222504	0.055727723985910416	-0.5784429609775543
-0.1108335629105568	-0.02218659222126007	-0.6660785675048828
-0.20013611018657684	0.08930506557226181	-0.40573880076408386
0.10723890364170074	0.13744454085826874	-0.5973303616046906
-0.056603386998176575	-0.04411604255437851	-0.6859617829322815
-0.13997775316238403	-0.1716538965702057	-0.3636108636856079
0.07690182328224182	-0.053902119398117065	-0.6370370984077454
0.004107941407710314	0.018309852108359337	-0.7384486645460129
0.11456826329231262	-0.18687370419502258	-0.6236504316329956
-0.23784685134887695	-0.08978015184402466	-0.5944804847240448
0.3057677149772644	-0.09155284613370895	-0.4258171617984772
-0.33331334590911865	0.004930051043629646	-0.4512711465358734
-0.28181231021881104	0.2276446521282196	-0.39114516973495483
0.3257324993610382	0.2371758073568344	-0.25108855962753296
-0.35540804266929626	0.10616043210029602	-0.3182859420776367
-0.30927664041519165	0.2215375304222107	-0.25816214084625244
-0.3699575960636139	0.12044883519411087	-0.19191646575927734
0.390524297952652	0.06144905835390091	-0.15852588415145874
-0.3483683168888092	0.1639396697282791	-0.12980765104293823
0.37699028849601746	-0.10626811534166336	-0.1094350814819336
-0.3457449972629547	0.15422344207763672	-0.03622859716415405
-0.06508376449346542	-0.3681425452232361	-0.1402457356452942
0.19768992066383362	0.3653860092163086	-0.0692325234413147
-0.3663065731525421	0.07039943337440491	-0.03622329235076904
-0.062324631959199905	-0.3934256136417389	-0.04180347919464111
0.35111650824546814	0.19546031951904297	-0.052353084087371826
-0.24427364766597748	0.29861485958099365	-0.03686314821243286
0.24446265399456024	-0.2753120958805084	-0.14007115364074707
0.09381230920553207	-0.3507530689239502	-0.12589579820632935
0.11281930655241013	0.297215074300766	-0.5886670649051666
-0.16298694908618927	-0.28381043672561646	-0.3082703948020935
0.03156542032957077	-0.32486075162887573	-0.2159481644630432
-0.13900847733020782	0.3417307734489441	-0.4833203852176666
-0.011175130493938923	-0.3037024736404419	-0.3244944214820862
0.17402932047843933	-0.2740020155906677	-0.2943882346153259
0.19738270342350006	0.34291255474090576	-0.3430253863334656
-0.2332320660352707	-0.2892211377620697	-0.1973286271095276
-0.10462864488363266	0.38063347339630127	-0.3238009810447693
-0.2909507155418396	-0.20532959699630737	-0.30043697357177734
0.10734708607196808	-0.29190805554389954	-0.31714433431625366
0.21324676275253296	-0.28161078691482544	-0.20504897832870483
0.3657424747943878	-0.05988238751888275	-0.252194344997406
-0.35648655891418457	-0.10275524109601974	-0.27954161167144775
0.29500290751457214	-0.22581306099891663	-0.18366670608520508
-0.37041354179382324	-0.09785449504852295	-0.23131096363067627
-0.07083800435066223	-0.08200392127037048	-0.7337007969617844
-0.1570833921432495	0.36327674984931946	-0.22346746921539307
-0.2056499570608139	0.3275182843208313	-0.2447190284729004
-0.36307376623153687	-0.15166950225830078	-0.1324414610862732
-0.1614523082971573	0.3589162826538086	-0.12574082612991333
-0.3885050415992737	-0.019297022372484207	-0.21420305967330933
-0.3901526629924774	-0.03881584480404854	-0.16081106662750244
-0.25599899888038635	0.2964354157447815	-0.15717852115631104
-0.29161056876182556	0.2595406174659729	-0.1518194079399109
0.3454350233078003	0.2262563556432724	-0.13729071617126465
0.3587223291397095	-0.15829390287399292	-0.11504501104354858
-0.19779013097286224	0.3420686721801758	-0.18220531940460205
-0.2635211944580078	0.28620314598083496	-0.09506070613861084
0.33751532435417175	0.13101506233215332	-0.3705548048019409
-0.3825184106826782	0.04231301695108414	-0.07813060283660889
-0.39243313670158386	-0.008345437236130238	-0.12103664875030518
0.39327511191368103	0.023053118959069252	-0.0963096022605896
0.25079795718193054	0.3431415855884552	-0.12376922369003296
0.303923636674881	0.2857746183872223	-0.11849349737167358
-0.33017560839653015	0.19559606909751892	-0.07969677448272705
0.3743414282798767	0.1325647085905075	-0.21863895654678345
0.36818745732307434	0.16580845415592194	-0.11540365219116211
0.2399197518825531	-0.05560879409313202	-0.5855051875114441
0.38701751828193665	-0.07690168172121048	-0.05457848310470581
0.3589804470539093	-0.1590072363615036	-0.06250333786010742
-0.1539570689201355	-0.3749401569366455	-0.08190929889678955
0.14550332725048065	0.3863438665866852	-0.044095754623413086
-0.016454612836241722	-0.38174283504486084	-0.11924344301223755
0.08355490863323212	-0.3800317049026489	-0.06200605630874634
-0.32338252663612366	0.19680270552635193	-0.038456737995147705
0.1417696177959442	-0.33694931864738464	-0.12910974025726318
0.3919074237346649	-0.015553607605397701	-0.05864417552947998
0.2428034543991089	0.34809499979019165	-0.046588242053985596
-0.3782757520675659	0.026123827323317528	-0.041151225566864014
0.25764283537864685	-0.2838984727859497	-0.07140219211578369
-0.3090454936027527	0.030441129580140114	-0.5097973644733429
-0.36963313817977905	0.11566834151744843	-0.08325225114822388
-0.3468823730945587	0.1641554832458496	-0.21828007698059082
0.38768699765205383	0.04133349657058716	-0.05017590522766113
-0.10135991871356964	-0.3907030522823334	-0.07475143671035767
0.3954857885837555	-0.038019612431526184	-0.1020134687423706
0.3697916567325592	-0.11353399604558945	-0.02920711040496826
-0.0663723573088646	-0.28388363122940063	-0.4927707314491272
0.04405730962753296	-0.3001997470855713	-0.35293853282928467
-0.09752750396728516	0.19807131588459015	-0.6997205913066864
0.019468272104859352	0.07306326925754547	-0.7820326313376427
0.0035641544964164495	-0.2855658233165741	-0.4802383780479431
0.09116052091121674	0.39977213740348816	-0.2934754490852356
0.2485986351966858	0.1665797233581543	-0.5593282282352448
0.13812482357025146	-0.25876864790916443	-0.43888214230537415
0.18513810634613037	-0.20058444142341614	-0.5155752301216125
0.20520499348640442	0.03143778070807457	-0.6705923229455948
-0.2486768215894699	-0.23550811409950256	-0.32982200384140015
-0.017103146761655807	0.4042608141899109	-0.24504029750823975
-0.17286109924316406	-0.2082756608724594	-0.5641268491744995
-0.24118228256702423	0.12869378924369812	-0.6052617430686951
0.3055649399757385	0.1705102026462555	-0.42061275243759155
0.13880470395088196	0.08996986597776413	-0.7372962534427643
-0.20850953459739685	-0.22745612263679504	-0.45511308312416077
-0.36627477407455444	0.03751591965556145	-0.34095126390457153
-0.21290798485279083	0.2989635765552521	-0.4395613372325897
-0.3411294221878052	-0.14167512953281403	-0.29367774724960327
-0.25282374024391174	0.16638600826263428	-0.5583031475543976
-0.3488769233226776	0.065630704164505	-0.4008687138557434
0.14234890043735504	0.3929388225078583	-0.163851797580719
-0.23367896676063538	0.2474236786365509	-0.4922672510147095
-0.15842139720916748	0.35920044779777527	-0.291074275970459
-0.04838769510388374	0.39742353558540344	-0.18230760097503662
0.22541870176792145	-0.19398318231105804	-0.4595317244529724
0.3331277668476105	-0.17952999472618103	-0.15406692028045654
-0.28796976804733276	-0.2607583999633789	-0.17776203155517578
0.2595701217651367	-0.22541914880275726	-0.28692519664764404
-0.3844682276248932	-0.05006719380617142	-0.2376089096069336
-0.17827944457530975	-0.35010772943496704	-0.13541078567504883
-0.3039851784706116	-0.10251130908727646	-0.46349480748176575
-0.37327462434768677	0.07579857110977173	-0.240850567817688
0.3637484908103943	0.11913561075925827	-0.29302650690078735
-0.2910464406013489	0.24029749631881714	-0.3065740466117859
0.26191121339797974	-0.20567834377288818	-0.3509904146194458
0.007400271948426962	-0.16597376763820648	-0.6906111985445023
0.3159146308898926	-0.1618078202009201	-0.2854316830635071
0.18866147100925446	-0.3161112368106842	-0.13548314571380615
-0.0930623784661293	0.3874048888683319	-0.13735228776931763
-0.32662126421928406	-0.21445348858833313	-0.15017151832580566
-0.21242840588092804	0.3178366422653198	-0.3029116988182068
-0.20494602620601654	0.3194253444671631	-0.3617115020751953
-0.12602366507053375	-0.34674158692359924	-0.1650884747505188
0.15270718932151794	0.3396827280521393	-0.44014400243759155
9.029206703417003E-4	0.3602767586708069	-0.5106760263442993
-0.385750412940979	-0.08697940409183502	-0.12606853246688843
0.30160078406333923	0.24614101648330688	-0.31710368394851685
-0.32936349511146545	-0.21222984790802002	-0.10519325733184814
-0.17002059519290924	-0.06901492923498154	-0.6767637878656387
0.24594606459140778	0.33377310633659363	-0.2144101858139038
0.3383180797100067	-0.1932816356420517	-0.10168534517288208
0.3564375340938568	0.02191229909658432	-0.34046614170074463
-0.09137813001871109	-0.32178792357444763	-0.22674280405044556
0.3380134403705597	0.06488358229398727	-0.39287716150283813
-0.22922134399414062	-0.31948307156562805	-0.04653620719909668
0.2224462926387787	-0.3073728680610657	-0.07299149036407471
0.12859143316745758	-0.3186904191970825	-0.1778464913368225
0.3018735945224762	-0.23798391222953796	-0.11350452899932861
0.3227890133857727	-0.17485196888446808	-0.21993094682693481
-0.3331764340400696	0.19364333152770996	-0.17185652256011963
0.3478967547416687	-0.07804690301418304	-0.3063274025917053
-0.02636280469596386	-0.32699811458587646	-0.22097724676132202
0.1836560219526291	0.36903485655784607	-0.20602059364318848
0.38080647587776184	0.11839865148067474	-0.17179369926452637
-0.3458132743835449	-0.1854415386915207	-0.057817161083221436
-0.38909244537353516	-0.009674309752881527	-0.0663861632347107
0.3783697783946991	0.11685261130332947	-0.054150938987731934
0.3834654986858368	0.062250323593616486	-0.22415858507156372
0.28972718119621277	0.29953983426094055	-0.16001462936401367
0.26103225350379944	-0.24197602272033691	-0.21535247564315796
-0.38750991225242615	0.03321155533194542	-0.18283188343048096
-0.3155973553657532	0.23044517636299133	-0.11651033163070679
-0.24923792481422424	0.2986886203289032	-0.21197718381881714
-0.2685484290122986	-0.2554991543292999	-0.22909009456634521
0.3176109492778778	0.26648053526878357	-0.06549549102783203
0.3837837278842926	-0.061137739568948746	-0.15322810411453247
-0.21317651867866516	0.33253949880599976	-0.11689186096191406
0.3332417607307434	0.19181397557258606	-0.30965346097946167
0.27572664618492126	-0.01524398010224104	-0.5370085835456848
0.2809564173221588	0.28796321153640747	-0.2661595344543457
-0.20730605721473694	0.3330960273742676	-0.05217242240905762
-0.19254612922668457	-0.2897692024707794	-0.24696874618530273
-0.2994852662086487	0.18484100699424744	-0.43373537063598633
-0.38523632287979126	0.05401450768113136	-0.1377689242362976
0.005214830860495567	-0.31312963366508484	-0.2703969478607178
-0.36853668093681335	-0.1222037598490715	-0.06519913673400879
0.09028706699609756	-0.3112911581993103	-0.235287606716156
0.21605615317821503	-0.10711268335580826	-0.5924502909183502
-0.32860898971557617	-0.19245748221874237	-0.2251979112625122
-0.2933005392551422	0.2500246465206146	-0.056116461753845215
0.3556912839412689	0.19401724636554718	-0.19975906610488892
0.3666321635246277	-0.12639057636260986	-0.15881484746932983
-0.382463276386261	-0.06846392154693604	-0.06832027435302734
-0.37049609422683716	0.11522956937551498	-0.13896620273590088
0.38176998496055603	-0.025853518396615982	-0.20606166124343872
0.3214166760444641	0.2637747824192047	-0.17448246479034424
0.3652671277523041	0.16784778237342834	-0.16917985677719116
-0.07559389621019363	-0.29809507727622986	-0.3559097647666931
0.3420502841472626	0.23173540830612183	-0.1907581090927124
0.035748500376939774	-0.37325918674468994	-0.11094480752944946
-0.3221677839756012	0.19537757337093353	-0.30670762062072754
-0.006376270670443773	-0.3548656404018402	-0.1615222692489624
0.27729904651641846	0.3150871694087982	-0.06803286075592041
-0.33058619499206543	0.16006538271903992	-0.34825605154037476
-0.34902477264404297	-0.1519807130098343	-0.24380892515182495
0.3891112506389618	0.08818995952606201	-0.11073291301727295
-0.3850000500679016	-0.08646300435066223	-0.18306654691696167
0.35428592562675476	0.15196944773197174	-0.025878846645355225
-0.10748373717069626	0.3791638910770416	-0.38272184133529663
-0.3836844563484192	-0.03911812976002693	-0.033338725566864014
-0.0615791454911232	-0.39524853229522705	-0.09549283981323242
-0.11985500901937485	0.36946865916252136	-0.047354161739349365
-0.2836245000362396	0.0054848515428602695	-0.5546391010284424
-0.11701208353042603	-0.3813285529613495	-0.12096720933914185
0.3839186429977417	0.09184940159320831	-0.1938301920890808
0.18923939764499664	0.3713513910770416	-0.12369680404663086
0.14360082149505615	0.38968610763549805	-0.10186243057250977
0.14627228677272797	-0.35475754737854004	-0.07487452030181885
-0.11568877100944519	-0.37857750058174133	-0.036495864391326904
-0.1251242309808731	0.37347257137298584	-0.08986437320709229
-0.2131696492433548	0.031421247869729996	-0.660591259598732
0.08082621544599533	-0.2700232267379761	-0.4751600921154022
0.053576111793518066	0.2057102918624878	-0.7241047024726868
-0.09394117444753647	0.02559850923717022	-0.754600316286087
0.06595245748758316	0.4010987877845764	-0.1507861614227295
-0.1732926368713379	0.24534475803375244	-0.5972394347190857
0.08517936617136002	-0.06072842329740524	-0.7477008998394012
-0.12692877650260925	0.07711093127727509	-0.7383752018213272
-0.0949293002486229	-0.2145271748304367	-0.6304723620414734
0.08600732684135437	0.36491474509239197	-0.4598526954650879
0.1849721521139145	0.170449897646904	-0.6592105180025101
-0.08504389971494675	0.3238232731819153	-0.5654933154582977
0.23858846724033356	0.2608449161052704	-0.4534759521484375
0.013897577300667763	0.2983141243457794	-0.6296118795871735
0.3024032413959503	0.028422761708498	-0.49050894379615784
0.12912866473197937	0.21549537777900696	-0.6862446516752243
-0.2455054521560669	-0.18885941803455353	-0.46632376313209534
0.006987741682678461	-0.24357184767723083	-0.5970025062561035
-0.04898735508322716	0.305759072303772	-0.6099716424942017
0.16585451364517212	-0.019773678854107857	-0.7089461237192154
0.13710251450538635	-0.23660916090011597	-0.4988580644130707
-0.2821030616760254	0.18770942091941833	-0.4779443144798279
-0.18291324377059937	0.2806432545185089	-0.5369888246059418
0.0035406730603426695	0.4035477638244629	-0.12974625825881958
0.04282001778483391	-0.259738564491272	-0.5406295955181122
-0.011666699312627316	-0.0850875973701477	-0.7473350912332535
0.25053679943084717	0.044123079627752304	-0.6011562347412109
0.1807100623846054	-0.08920789510011673	-0.6539726853370667
-0.15373970568180084	-0.2655547261238098	-0.4468565285205841
-0.04495009779930115	-0.022222306579351425	-0.7699070125818253
-0.008325849659740925	0.3959580957889557	-0.3798235058784485
0.3185337781906128	0.05935089290142059	-0.44590646028518677
-0.043144699186086655	-0.2436276227235794	-0.6009419560432434
0.26728808879852295	0.26221656799316406	-0.38440263271331787
-0.2507178485393524	0.010013855993747711	-0.607501745223999
-0.030620809644460678	0.11831319332122803	-0.7726196497678757
-0.14345113933086395	-0.12880772352218628	-0.6684979051351547
0.17742887139320374	0.2724667191505432	-0.5599243938922882
-0.060492143034935	0.3932325541973114	-0.34969252347946167
0.21973641216754913	0.25126609206199646	-0.5106446444988251
0.04171447828412056	0.3876053988933563	-0.4014793038368225
0.28488388657569885	0.05434613674879074	-0.5359126031398773
-0.3380650579929352	0.12115520238876343	-0.37844735383987427
-0.2849603593349457	0.14722813665866852	-0.506389707326889
0.1935320645570755	-0.23213893175125122	-0.41376981139183044
-0.18899881839752197	0.3062306046485901	-0.48221877217292786
-0.2130337506532669	-0.20229029655456543	-0.5092501640319824
0.2946544289588928	-0.16364465653896332	-0.3509753346443176
0.09383057802915573	0.39769822359085083	-0.10645639896392822
0.216680109500885	-0.23170535266399384	-0.3679426312446594
-0.18263253569602966	-0.32065537571907043	-0.193578839302063
-0.37428006529808044	-0.05208669975399971	-0.27902668714523315
-0.01727554202079773	0.39669069647789	-0.07117950916290283
0.21746684610843658	-0.06439900398254395	-0.6235297620296478
-0.19406427443027496	-0.13391049206256866	-0.6173815131187439
0.15092024207115173	0.36055660247802734	-0.37747490406036377
0.15484090149402618	0.38129347562789917	-0.2589097023010254
-0.053570546209812164	-0.293945848941803	-0.42429009079933167
0.2290116399526596	-0.01789877936244011	-0.6209123432636261
-0.30138808488845825	-0.22067755460739136	-0.23909682035446167
-0.28720858693122864	-0.1845667064189911	-0.3689640760421753
0.15789328515529633	-0.1830398142337799	-0.5789807438850403
0.3230423033237457	-0.22023671865463257	-0.06661409139633179
0.35192355513572693	-0.13179180026054382	-0.21269220113754272
-0.10387278348207474	-0.28807416558265686	-0.4215356409549713
0.051393505185842514	-0.30654481053352356	-0.2855185270309448
0.37049397826194763	0.02033117040991783	-0.28497064113616943
-0.2778036296367645	0.06259211897850037	-0.571281224489212
-0.13972756266593933	-0.3129930794239044	-0.23751729726791382
-0.1568554788827896	0.3467891812324524	-0.41435909271240234
-0.3797939121723175	0.0068490225821733475	-0.2678152322769165
-0.3033822774887085	0.08984866738319397	-0.5120439231395721
-0.2756235897541046	-0.27826064825057983	-0.05976998805999756
-0.24217402935028076	-0.2648025155067444	-0.265485942363739
-0.33394429087638855	0.18100868165493011	-0.2582348585128784
0.16923022270202637	-0.29826363921165466	-0.20056986808776855
0.23832109570503235	0.11455479264259338	-0.5986027121543884
-0.18721656501293182	0.17202959954738617	-0.6481448858976364
-0.31894344091415405	-0.1340043544769287	-0.40302330255508423
0.1507323980331421	0.37703293561935425	-0.3167237639427185
-0.33975785970687866	-0.06316858530044556	-0.4191795587539673
-0.10870523750782013	0.37980619072914124	-0.22993260622024536
-0.36472851037979126	-0.04740441218018532	-0.34342408180236816
-0.2628624141216278	0.2808876931667328	-0.2711007595062256
-0.08193396031856537	0.3856000304222107	-0.07126462459564209
0.23360204696655273	-0.1453646719455719	-0.5134449601173401
-0.307824045419693	-0.23523031175136566	-0.05584615468978882
-0.0700097307562828	0.38949713110923767	-0.23993176221847534
0.19269022345542908	-0.1559993326663971	-0.5679291486740112
0.13287200033664703	0.3244939148426056	-0.5117202997207642
-0.1988191157579422	-0.25729283690452576	-0.3714640140533447
0.324306458234787	0.0012011632788926363	-0.42696818709373474
-0.06138630211353302	0.39257434010505676	-0.29151588678359985
-0.17593982815742493	0.3262118697166443	-0.4500995874404907
-0.24928128719329834	0.2722201943397522	-0.39515069127082825
-0.21620820462703705	-0.15703760087490082	-0.5665955245494843
0.35303995013237	0.17426134645938873	-0.2534140348434448
-0.2555543780326843	0.2777237892150879	-0.3475881814956665
0.10434745252132416	0.3984910547733307	-0.21228164434432983
-0.1734551340341568	-0.3481195867061615	-0.0388181209564209
0.32357195019721985	-0.10571587085723877	-0.3603717088699341
0.26694902777671814	0.28567254543304443	-0.3221452832221985
-0.1301075965166092	-0.25900232791900635	-0.5211775600910187
0.2761903405189514	-0.1601124107837677	-0.40430572628974915
-0.1469138264656067	0.3673408329486847	-0.17504000663757324
-0.3085170388221741	-0.03775624558329582	-0.5081859230995178
-0.35197287797927856	-0.004622641485184431	-0.39141345024108887
-0.3001384735107422	0.21772374212741852	-0.3487280011177063
-0.2739191949367523	0.11700397729873657	-0.5483105480670929
0.27721765637397766	-0.08537188172340393	-0.4977385401725769
0.03624211996793747	0.33917462825775146	-0.5481015741825104
0.0570240281522274	-0.17401394248008728	-0.6670798510313034
-0.27368518710136414	-0.08090220391750336	-0.5379375219345093
-0.004363193642348051	-0.299721360206604	-0.39331692457199097
0.33912771940231323	-0.04876726493239403	-0.361538827419281
-0.11222574859857559	0.38030919432640076	-0.19542253017425537
0.29483598470687866	-0.20515839755535126	-0.25387030839920044
-0.1473466008901596	0.3603356182575226	-0.3499709367752075
-0.06328264623880386	0.3679543435573578	-0.4815080463886261
-0.15913280844688416	0.356699138879776	-0.0718686580657959
0.31241875886917114	0.20089484751224518	-0.3703480362892151
-0.37020793557167053	0.05550419166684151	-0.2887529730796814
0.203830286860466	0.35322797298431396	-0.24909496307373047
0.21699605882167816	-0.24635744094848633	-0.32413703203201294
-0.21026159822940826	-0.2688266932964325	-0.30620455741882324
0.1654030829668045	-0.26685115694999695	-0.3671518564224243
-0.20752564072608948	-0.07655595988035202	-0.6405591368675232
0.3516576290130615	0.07978785783052444	-0.3444194793701172
0.3634585738182068	-0.01999661885201931	-0.3020498752593994
0.2854287624359131	0.16072306036949158	-0.48355355858802795
0.37506717443466187	-0.006733652204275131	-0.25762224197387695
-0.04277578368782997	-0.13997147977352142	-0.707014411687851
0.3436058759689331	-0.12396922707557678	-0.27113163471221924
-0.10404513776302338	-0.30449533462524414	-0.2902395725250244
0.36774495244026184	0.05543165281414986	-0.2926371693611145
-0.0648510605096817	-0.34371498227119446	-0.17940157651901245
0.07894469052553177	0.3963150382041931	-0.05143505334854126
0.14225313067436218	-0.2969006896018982	-0.24712783098220825
0.0465555340051651	-0.29221996665000916	-0.41456353664398193
-0.05327223241329193	-0.3097967207431793	-0.27891218662261963
0.2886132597923279	-0.25970643758773804	-0.04314851760864258
-0.2471550554037094	-0.31048089265823364	-0.12237370014190674
0.03468117490410805	0.40442776679992676	-0.2821385860443115
0.19005867838859558	-0.32933831214904785	-0.05936771631240845
0.08469486981630325	0.08519092947244644	-0.7721911296248436
-0.29565367102622986	0.25137144327163696	-0.20148003101348877
0.16882523894309998	-0.14445020258426666	-0.6118510365486145
-0.32145100831985474	-0.16356925666332245	-0.3354496359825134
0.02332787960767746	0.3937479257583618	-0.04132968187332153
-0.3202627897262573	0.12324755638837814	-0.4481019079685211
0.3218372166156769	0.11408395320177078	-0.43240511417388916
0.3963164985179901	0.004295907914638519	-0.15851181745529175
-0.2694810926914215	-0.23468425869941711	-0.2761791944503784
-0.3208041787147522	-0.21320627629756927	-0.19808542728424072
0.09596364200115204	-0.2829950749874115	-0.39004456996917725
-0.12812186777591705	-0.07915319502353668	-0.708334356546402
0.022281929850578308	-0.3049839437007904	-0.3107324242591858
0.37393122911453247	-0.07812395691871643	-0.19415408372879028
-0.043402254581451416	0.3943692147731781	-0.10935020446777344
0.0035859625786542892	-0.4018174707889557	-0.06660747528076172
0.2233366072177887	-0.25842946767807007	-0.26814407110214233
0.28723570704460144	-0.19184884428977966	-0.3118768334388733
0.2915840744972229	0.2904900312423706	-0.20809555053710938
-0.38235539197921753	0.028747592121362686	-0.22481656074523926
-0.09854769706726074	0.38201409578323364	-0.2735327482223511
0.18509019911289215	0.10272715240716934	-0.6952631771564484
-0.20090602338314056	-0.3472225069999695	-0.08368700742721558
-0.28410205245018005	-0.25239479541778564	-0.027946531772613525
0.23281657695770264	0.3305512070655823	-0.29240602254867554
-0.1742928922176361	0.13494575023651123	-0.6819112747907639
-0.08972106128931046	0.13238345086574554	-0.7446755468845367
0.13463257253170013	-0.09132857620716095	-0.6927831619977951
0.09830581396818161	-0.23281711339950562	-0.5570703744888306
0.12087666988372803	0.0193327646702528	-0.7511714696884155
0.07647540420293808	0.27310794591903687	-0.6612425744533539
-0.133583202958107	0.3210132420063019	-0.5333778560161591
0.09686899930238724	-0.1320372372865677	-0.6895209103822708
-0.10977102816104889	0.2784021198749542	-0.6233769357204437
-0.14082060754299164	0.13580243289470673	-0.717434823513031
-0.2335384488105774	-0.029850244522094727	-0.630020797252655
0.036522600799798965	0.40225422382354736	-0.09080594778060913
-0.022179117426276207	0.21640345454216003	-0.7164122760295868
-0.051843348890542984	0.25729531049728394	-0.6684312373399734
0.15892642736434937	0.24553969502449036	-0.6284765899181366
0.09065559506416321	0.3862228989601135	-0.3786494731903076
0.01175380777567625	0.2540375590324402	-0.6808574795722961
-0.05250971019268036	0.3854306638240814	-0.4155426025390625
-0.08668673783540726	-0.25588539242744446	-0.5700622200965881
0.0405617319047451	-0.11985666304826736	-0.7206005454063416
0.08279450982809067	0.3408595323562622	-0.5344229936599731
-0.09394806623458862	-0.1682348996400833	-0.6758047044277191
0.29828664660453796	-0.030102118849754333	-0.4770359992980957
0.038540568202733994	0.13948120176792145	-0.7642613053321838
-0.26128023862838745	-0.14986920356750488	-0.503581166267395
0.022012293338775635	-0.02272968180477619	-0.7710091173648834
0.05853573977947235	0.018430275842547417	-0.7762628868222237
-0.02699158526957035	-0.26922035217285156	-0.5492063462734222
-0.13601243495941162	-0.27806055545806885	-0.36625391244888306
0.13876940310001373	-0.2091493457555771	-0.553845077753067
0.24977637827396393	0.2132609635591507	-0.5078975558280945
0.045677024871110916	0.4029289186000824	-0.22374922037124634
0.20447160303592682	0.2123790979385376	-0.5953324139118195
-0.21235691010951996	0.19446970522403717	-0.5981688797473907
-0.1485075056552887	0.22097466886043549	-0.6479284167289734
-0.26475417613983154	0.23036091029644012	-0.4397202134132385
0.21154114603996277	0.31594231724739075	-0.4137771725654602
-0.01367446593940258	0.404601514339447	-0.31851911544799805
0.2773829400539398	0.11371801048517227	-0.5244335532188416
0.16887858510017395	0.0467849001288414	-0.7184427678585052
0.26048725843429565	0.09527113288640976	-0.5667947828769684
0.11876821517944336	0.2604914903640747	-0.6427883952856064
-0.03999406844377518	0.05184495449066162	-0.7771422117948532
-0.15107552707195282	-0.18707257509231567	-0.6204022169113159
-0.16408738493919373	0.31541141867637634	-0.5028367936611176
0.3052316904067993	0.08952212333679199	-0.4778806269168854
0.22278515994548798	0.22494389116764069	-0.5459542572498322
0.2153780460357666	0.10542897880077362	-0.6432263851165771
-0.1023242175579071	-0.033319298177957535	-0.737858384847641
-0.2499765306711197	-0.20855040848255157	-0.40154048800468445
-0.050630830228328705	0.16573525965213776	-0.7416734844446182
0.006985332351177931	-0.267191618680954	-0.538642406463623
0.2734076976776123	0.21297438442707062	-0.4545082151889801
-0.13904684782028198	0.2912727892398834	-0.5721344947814941
-0.31637322902679443	0.1742473691701889	-0.3974716067314148
0.20345154404640198	-0.027845457196235657	-0.6589208841323853
-0.2102350890636444	0.10509145259857178	-0.6587846577167511
0.1043333038687706	0.1536332368850708	-0.7376722991466522
0.2197912335395813	0.15191279351711273	-0.6166487038135529
0.057049792259931564	-0.22125300765037537	-0.6069618165493011
0.2914980947971344	0.20972083508968353	-0.41549110412597656
-0.07685855031013489	0.0831272229552269	-0.7628524899482727
0.03939972445368767	0.39916637539863586	-0.3402561545372009
-0.179190993309021	-0.23802721500396729	-0.4988233149051666
-0.2665596306324005	-0.04056820273399353	-0.576554924249649
-0.03233236074447632	-0.2023969441652298	-0.6556115299463272
-0.0013741122093051672	0.17088130116462708	-0.7459638714790344
-0.15556353330612183	6.186812533996999E-4	-0.7156409621238708
-0.13016198575496674	-0.2281433492898941	-0.5821492969989777
0.0021386919543147087	-0.1333414763212204	-0.7211381644010544
-0.09600650519132614	0.3445316255092621	-0.5197091102600098
0.007994836196303368	0.40535223484039307	-0.18872255086898804
0.02125680074095726	-0.20568758249282837	-0.645007774233818
0.30038022994995117	-0.1314496099948883	-0.38851386308670044
-0.1527283936738968	0.17400649189949036	-0.6832365989685059
0.0025571505539119244	0.3819650411605835	-0.4508202075958252
0.15377940237522125	0.14919906854629517	-0.7068167924880981
0.002905445173382759	0.01889074593782425	-0.7804736271500587
-0.23890581727027893	0.07066775113344193	-0.6291231215000153
-0.013796131126582623	0.33211609721183777	-0.5737216770648956
-0.1958037167787552	-0.026484088972210884	-0.6712234169244766
0.23824675381183624	0.30698609352111816	-0.35468703508377075
-0.17841371893882751	-0.10427744686603546	-0.6507594585418701
-0.22196321189403534	0.2223253697156906	-0.5523412823677063
-0.05180300399661064	0.3473083972930908	-0.5332102477550507
0.14503337442874908	0.3910221457481384	-0.20460295677185059
0.11975301802158356	0.3831123411655426	-0.3411453366279602
-0.30133745074272156	-0.25258341431617737	-0.11529272794723511
-0.18138037621974945	0.21057593822479248	-0.6232393682003021
0.12124840170145035	0.3637981116771698	-0.4126683175563812
0.25140342116355896	-0.01882493868470192	-0.5823179483413696
0.18714530766010284	0.35998305678367615	-0.2908221483230591
0.05745328590273857	0.31300488114356995	-0.5935441851615906
0.04384736344218254	0.3591976761817932	-0.49952834844589233
-0.1844184696674347	-0.17707470059394836	-0.5946343541145325
-0.09867627918720245	-0.12259990721940994	-0.702257052063942
-0.11825178563594818	-0.27495723962783813	-0.47095125913619995
-0.3450314402580261	-0.10673117637634277	-0.35010749101638794
0.19302496314048767	0.299296110868454	-0.4874587953090668
0.2667222321033478	-0.13743458688259125	-0.459066241979599
0.1808955818414688	-0.2246432900428772	-0.4600224494934082
-0.364046186208725	-0.13799025118350983	-0.19763535261154175
0.1300140917301178	-0.044026490300893784	-0.7282820791006088
0.0341791957616806	-0.07323452830314636	-0.7476714998483658
-0.2594493627548218	0.19350193440914154	-0.5223571062088013
0.24823515117168427	-0.08663072437047958	-0.5532876253128052
0.1834496259689331	-0.28153741359710693	-0.24509435892105103
-0.32731401920318604	-0.18075117468833923	-0.27453356981277466
-0.32783621549606323	0.1964838206768036	-0.21269750595092773
-0.34270232915878296	-0.1774836629629135	-0.18888217210769653
0.14169469475746155	-0.13281282782554626	-0.6537008434534073
-0.17478898167610168	0.08299141377210617	-0.6999554485082626
0.024779897183179855	0.32096996903419495	-0.5873221755027771
-0.10361923277378082	0.23991435766220093	-0.6621686816215515
-0.3732650578022003	-0.009609735570847988	-0.3118281960487366
-0.10322064161300659	0.36914563179016113	-0.4345408082008362
-0.29315125942230225	-0.1571718454360962	-0.4290258288383484
0.050706684589385986	-0.34912654757499695	-0.15620499849319458
-0.11997265368700027	-0.1743772327899933	-0.6525117605924606
-0.32650473713874817	0.06367713212966919	-0.4664151072502136
0.07893692702054977	-0.33059173822402954	-0.18264973163604736
0.20208480954170227	0.36435550451278687	-0.16515028476715088
-0.3406926095485687	0.15984082221984863	-0.29982274770736694
-0.3570716977119446	0.1375729739665985	-0.2583691477775574
0.33042362332344055	-0.12864381074905396	-0.3146277666091919
-0.24913959205150604	-0.11703603714704514	-0.5524348616600037
0.23434138298034668	-0.20897333323955536	-0.398038387298584
-0.11999168992042542	-0.28992050886154175	-0.32841187715530396
-0.3552512228488922	-0.14574885368347168	-0.030512690544128418
-0.05093108490109444	0.38900771737098694	-0.03749805688858032
-0.20861060917377472	-0.3169651925563812	-0.15932047367095947
0.2030978947877884	0.27160099148750305	0.0
0.30203723907470703	0.002820434980094433	0.0
-0.29146313667297363	-0.05623345077037811	0.0
0.2914808392524719	-0.09935010224580765	0.0
0.25756940245628357	0.1949067860841751	0.0
0.13069209456443787	0.303850919008255	0.0
0.19983871281147003	-0.23175734281539917	0.0
-0.2319623976945877	0.19585448503494263	0.0
0.25379860401153564	-0.166527658700943	0.0
-0.1723286509513855	0.25476881861686707	0.0
-0.2640441060066223	-0.13478733599185944	0.0
-0.2697562575340271	0.11450928449630737	0.0
0.28172850608825684	0.09653827548027039	0.0
-0.2848431169986725	0.030986763536930084	0.0
0.1393333375453949	-0.26853567361831665	0.0
-0.10264787822961807	0.2924557030200958	0.0
0.07127859443426132	-0.30132803320884705	0.0
-0.026541026309132576	0.31403326988220215	0.0
0.05276558920741081	0.3148488998413086	0.0
-0.23067569732666016	-0.19918625056743622	0.0
-0.0077223097905516624	-0.3134864270687103	0.0
-0.08803759515285492	-0.3004133105278015	0.0
-0.1582166850566864	-0.2571764290332794	0.0
0.25453877449035645	0.25326550006866455	0.0
0.3221931755542755	-0.051323797553777695	0.0
0.26995059847831726	-0.04787904769182205	0.0
-0.3198264539241791	-0.009824994020164013	0.0
0.317451149225235	0.05612889304757118	0.0
0.29010578989982605	0.15157084167003632	0.0
0.17910873889923096	0.31964582204818726	0.0
-0.3076861500740051	-0.10767211019992828	0.0
0.30141177773475647	-0.15172557532787323	0.0
0.21387846767902374	0.2196495682001114	0.0
-0.2738593816757202	0.16762088239192963	0.0
-0.20531143248081207	-0.24398453533649445	0.0
0.012843760661780834	0.3448324203491211	0.0
0.18565881252288818	-0.2809259593486786	0.0
-0.1498909294605255	0.3003057539463043	0.0
-0.2192060649394989	0.24541327357292175	0.0
0.09510073810815811	0.3371606469154358	0.0
0.24443435668945312	-0.216105118393898	0.0
-0.07092072069644928	0.3292183578014374	0.0
0.11680606007575989	-0.31271326541900635	0.0
0.2727010250091553	0.041942521929740906	0.0
-0.30040767788887024	0.07760677486658096	0.0
0.15834885835647583	0.26539114117622375	0.0
0.25040674209594727	-0.11842186003923416	0.0
0.03474291041493416	-0.3298312723636627	0.0
0.27740710973739624	-0.15657927095890045	-0.06945711374282837
0.2042245715856552	-0.23744255304336548	-0.062262892723083496
0.09315434843301773	0.3326118588447571	-0.21782195568084717
-0.020612480118870735	0.32072362303733826	-0.20864754915237427
-0.02555633895099163	0.33841633796691895	-0.12062257528305054
-0.05700136348605156	0.3233345150947571	-0.27791541814804077
0.05931459367275238	0.32058897614479065	-0.13834595680236816
0.06030770391225815	0.32581087946891785	-0.2976441979408264
-0.29698410630226135	0.06646158546209335	-0.06833505630493164
-0.04483550041913986	-0.3257790505886078	-0.07143688201904297
0.3165927529335022	-0.03575484827160835	-0.07040786743164062
0.3151150941848755	-0.053094737231731415	-0.14973491430282593
0.3155513107776642	0.060916703194379807	-0.1307051181793213
0.30926308035850525	0.04163268953561783	-0.21420681476593018
-0.3071933686733246	-0.025669386610388756	-0.06409132480621338
-0.2920345962047577	-0.12635701894760132	-0.13886243104934692
-0.31457310914993286	-0.025830108672380447	-0.1441609263420105
0.04663990065455437	0.3471505343914032	-0.0622020959854126
-0.013801931403577328	0.3106480538845062	-0.04309624433517456
-0.2979268431663513	0.08700449764728546	-0.2892117500305176
-0.30616462230682373	-0.027142813429236412	-0.28265607357025146
-0.3072877526283264	0.07966290414333344	-0.14678722620010376
-0.3020930588245392	0.06570591777563095	-0.21737068891525269
-0.32709380984306335	-0.02971196360886097	-0.21743136644363403
-0.1535670906305313	-0.290259450674057	-0.08421039581298828
0.28578606247901917	0.11776670068502426	-0.08583086729049683
-0.09168136119842529	0.3115507662296295	-0.16184872388839722
-0.037469543516635895	-0.24236099421977997	-0.3745068311691284
-0.29154467582702637	-0.11872091144323349	-0.21672552824020386
0.18161897361278534	0.2866426110267639	-0.07732808589935303
-0.3193906545639038	-0.14676021039485931	-0.041812241077423096
0.18459582328796387	0.2278052568435669	-0.032957494258880615
-0.10231034457683563	-0.26976484060287476	-0.036035776138305664
0.1967001110315323	0.32943591475486755	-0.032135605812072754
-0.2606678009033203	0.10884373635053635	-0.04594677686691284
-0.08906333893537521	0.32752975821495056	-0.03729867935180664
-0.21656779944896698	-0.20528963208198547	-0.0415005087852478
0.293510377407074	0.18653219938278198	-0.04465430974960327
0.23046374320983887	-0.13806533813476562	-0.038299381732940674
0.336736261844635	0.05925897881388664	-0.06073254346847534
0.14510712027549744	-0.2759791612625122	-0.08386039733886719
0.08554857224225998	0.29870232939720154	-0.05630558729171753
0.2756640613079071	-0.033173494040966034	-0.03197824954986572
0.3291335105895996	-0.11677834391593933	-0.043786704540252686
-0.2571098208427429	0.2559649646282196	-0.02249729633331299
0.2110644429922104	-0.18079988658428192	-0.03765004873275757
0.1345188021659851	0.3419981300830841	-0.04350680112838745
-0.1627715528011322	0.22091376781463623	-0.030675768852233887
-0.2665691673755646	-0.21113893389701843	-0.02215707302093506
-0.2692418098449707	-0.12670888006687164	-0.05252230167388916
-0.32662907242774963	-0.08380798250436783	-0.04298579692840576
-0.2735266387462616	0.1795598715543747	-0.028790295124053955
0.049877796322107315	-0.3002445697784424	-0.0433315634727478
-0.15556009113788605	-0.23308975994586945	-0.027003109455108643
0.1094658225774765	-0.3203350901603699	-0.05345737934112549
-0.19830146431922913	0.2936519384384155	-0.039848506450653076
0.24608443677425385	0.24133682250976562	-0.034366607666015625
-0.12680044770240784	0.27146774530410767	-0.04096806049346924
-0.31014660000801086	0.1367374062538147	-0.03312021493911743
0.25332391262054443	0.08039798587560654	-0.03695040941238403
0.13338595628738403	0.2599564790725708	-0.035917818546295166
0.2571924030780792	-0.08678846061229706	-0.04458814859390259
0.11891885846853256	-0.2593289017677307	-0.03670531511306763
0.062130752950906754	-0.3491066098213196	-0.04583483934402466
-0.2102678120136261	0.20684392750263214	-0.04334080219268799
0.32193049788475037	0.13057151436805725	-0.036187708377838135
0.23856693506240845	0.15729424357414246	-0.031067967414855957
0.011723975650966167	-0.3485906422138214	-0.04108935594558716
0.16020627319812775	-0.29875510931015015	-0.0387844443321228
-0.19188302755355835	-0.2645862102508545	-0.030996382236480713
0.27999377250671387	0.03771273419260979	-0.04680365324020386
-0.2551698088645935	-0.05684666335582733	-0.025104522705078125
0.21472617983818054	-0.11110062152147293	-0.26867836713790894
