507
264
1533
1418
1241
2693
2017
731
1822
2041
2016
1975
14
12
2694
498
1420
2692
2766
712
1142
1185
496
2695
2696
2765
2691
760
1318
1605
947
2764
750
1971
1182
1844
2439
114
1351
395
2608
1843
1586
2042
2557
1932
2558
1635
469
1871
1683
875
1846
2607
2255
1796
666
130
2199
83
1294
309
2044
916
2606
2051
75
1240
618
348
931
1394
1289
466
1157
366
2647
413
73
1169
474
438
143
2043
720
1438
2079
749
803
746
1604
2148
1112
2049
1622
820
1527
1602
349
2348
520
104
2651
1582
1914
1470
2256
1826
2205
1380
2202
747
2154
2107
2208
604
2122
2175
1797
713
1162
1419
1863
922
194
267
2200
2653
15
1469
607
76
1475
246
1129
59
2021
927
417
919
2381
2152
387
988
701
2566
68
2385
2652
664
2565
33
1568
755
2142
2246
2383
65
715
585
1400
2203
74
245
2556
1238
2384
1585
2240
1395
1619
2380
992
1237
2382
1168
2253
1864
2704
462
2555
1285
1046
48
2531
291
2211
2233
817
2106
2125
621
912
2705
1074
460
814
470
2532
87
948
465
926
1096
868
2917
2335
598
1141
1752
11
71
2254
603
452
2165
1933
393
672
454
110
1167
2322
464
879
21
1653
380
872
2207
2326
1721
385
974
608
616
624
1106
551
915
2706
1279
518
1898
312
2132
862
1331
2123
2967
2025
232
322
330
2707
367
2441
1837
1749
845
599
1399
484
2723
2454
2915
1861
1815
1753
2889
2926
2022
2104
329
676
2865
2913
234
129
2863
930
2105
247
2830
2841
1308
1735
306
2901
2724
2823
1249
455
225
2864
2825
2782
1708
1114
2540
1402
86
1763
2892
1899
1734
2862
1751
1793
986
2784
1679
1257
1668
1256
343
1737
383
1360
449
1558
1738
