215
1923
637
1248
82
634
2028
717
1773
1928
1148
2009
1117
612
1494
457
1550
1850
2329
547
1921
1378
1909
924
1214
1900
1896
880
2285
1553
2331
1554
710
1143
2320
1543
45
528
1654
1065
1660
1186
2204
2680
503
2689
1032
1823
543
1007
709
0
2283
2679
1642
490
2477
1946
1455
2478
3
81
944
740
1549
623
2005
1453
1643
777
1892
1006
1441
506
1514
1825
1795
2279
1139
798
1496
365
1016
601
690
2261
1261
695
2690
1058
170
1056
2363
1677
904
1052
2214
920
1943
1213
1945
436
476
1401
2360
324
2359
1374
1915
1500
1382
1934
2230
1023
2364
1555
2015
1077
1893
1373
1493
2
521
1465
1666
762
998
1779
6
1957
1838
97
1944
1517
1460
1889
1009
2030
1010
1459
1015
742
2278
2234
1503
1120
1673
1134
892
2002
2141
2365
1824
1959
909
127
761
1048
1989
1891
1090
1013
2284
336
1263
906
91
593
2027
843
2504
261
1000
2688
357
1595
2334
791
1628
605
252
1956
265
570
148
763
1659
646
1005
2333
745
2227
356
1115
727
236
192
1047
219
546
964
1133
1377
574
1877
1499
88
1520
1995
1220
725
1439
1442
2029
1462
89
1495
1515
941
938
1041
113
775
122
1216
2391
993
2503
957
1987
2206
2687
1658
52
1629
539
1516
1264
2239
2594
1002
479
1022
2564
1841
1501
259
2474
538
2473
2033
111
660
1004
2232
2593
571
1461
641
2714
2241
592
467
722
1827
1980
2563
1630
2715
1688
813
1223
50
1596
1698
1656
2321
2018
1840
2341
542
965
816
55
1147
1958
2390
2684
1848
2544
786
2192
8
1809
2465
1689
115
2595
209
1003
1949
1437
1828
940
1408
1024
808
573
785
1479
1033
1874
1028
2226
934
1073
851
595
1695
1136
718
475
1429
1810
2346
2177
118
787
1664
1094
1079
619
2543
2670
1687
103
177
2237
1061
120
795
1821
2683
1172
665
1105
2419
1811
1365
1497
47
2671
600
2464
837
212
79
949
108
1655
2596
95
2150
1787
2377
1463
874
2277
937
1926
2392
1045
1593
2716
1431
2420
754
1444
2393
125
778
1974
550
1597
1873
831
1456
1372
1103
1452
1675
1025
2036
2780
351
42
856
1075
1541
1701
106
1066
450
802
876
2476
1410
1576
2778
779
1775
594
1019
614
260
85
1072
131
2475
2640
991
781
1417
331
2717
1464
220
565
1925
2032
1413
2376
627
564
472
566
207
100
1467
2470
1788
1042
362
818
2410
615
2409
2472
2228
2217
678
1487
105
999
218
1385
2216
2642
1458
2641
1036
22
46
1409
271
1776
2330
776
766
44
2781
2210
699
288
2318
823
1786
2351
1
2215
352
2349
1035
1774
2317
2779
109
1504
377
2718
1029
1053
372
1927
289
2469
1170
1274
1942
801
1953
461
1948
2727
1973
2151
1342
697
1173
2753
2471
266
1080
2316
2265
1071
1226
1897
2100
27
1026
150
635
2020
188
590
53
235
1084
1020
257
2656
797
1135
2225
2031
337
2501
1235
2153
728
1116
30
1725
2728
563
1466
164
1448
2157
43
2751
2358
1232
2576
119
2488
2754
1017
1955
96
228
1950
2271
1960
1450
2355
2575
2711
2356
2487
1008
932
902
214
1329
1492
262
1171
2354
431
1947
688
1726
1969
2655
2459
473
2632
1727
1665
1376
2633
2414
983
2752
1440
2709
1790
1118
1970
696
2502
2276
535
1540
1563
1219
24
1966
328
1506
1443
361
445
617
2019
789
1984
2168
1853
1609
1650
1952
687
20
2332
1018
1245
1146
1651
1371
1430
852
2710
2574
1818
2058
1807
2212
525
1671
159
2413
2280
2209
2682
138
1728
1963
2171
2745
2746
2681
2567
2573
2101
1731
1792
769
1594
1573
780
121
1034
1802
2458
2120
1961
1747
325
340
2708
1674
2630
2631
2743
2744
2457
1693
358
477
1031
700
273
240
527
2569
1539
94
1618
572
1964
36
1447
526
2164
2568
2267
1202
1243
2361
1027
1067
671
453
885
1859
2272
1920
2257
2444
1646
2526
2282
793
1922
575
2057
2097
2149
132
886
804
1451
1012
2170
144
2686
1772
555
554
123
2527
1204
2281
2546
790
1620
807
1485
363
2545
1233
2570
1014
1489
2443
1137
2685
663
136
1783
2137
1030
2422
1988
10
1587
2485
1208
2340
1645
1127
2130
508
2368
2213
211
1333
568
2442
102
654
613
772
2263
1021
1397
738
1994
2133
514
997
2421
1536
1985
2138
2677
2145
140
552
2289
1265
2678
2486
1446
1092
1532
2357
2155
2370
557
263
567
1091
1572
2185
1608
1449
2776
968
764
1967
2712
2369
2560
1149
2604
1986
2412
2777
1746
2287
233
655
2309
1703
661
2411
1383
628
1534
2697
2699
2698
1652
2156
969
156
736
898
2314
408
936
2319
152
1445
2559
394
2371
398
444
2601
2552
2273
1529
505
1357
2430
529
2603
1778
489
483
2549
2291
691
1831
1808
98
1178
124
2597
702
2353
2186
2429
726
1258
93
1546
1924
1085
1857
1132
1259
1705
894
1244
2451
160
908
1685
1902
582
2648
2452
771
1535
149
2666
2188
686
1661
2713
446
1662
1592
1521
153
2598
2571
284
2587
1519
1189
2323
485
2658
184
1704
2588
1855
2649
2657
2194
2249
2551
2768
2222
1907
537
2572
2625
2770
918
2667
2136
2178
1912
2378
2624
692
758
2550
2435
158
1193
1353
1421
2379
2432
2402
1901
1305
1164
1416
2290
468
1538
1872
773
1011
1875
679
910
768
2437
2325
1250
2187
1086
1267
1526
241
13
151
517
2431
2602
2775
448
196
1711
332
730
1904
1858
756
2324
921
145
1852
1221
2650
2401
1151
591
1087
2769
101
341
1415
327
1730
971
783
1242
2499
2387
950
1743
1691
2436
2434
556
2585
1396
112
134
867
2433
359
689
2500
1649
2038
1799
2553
316
870
1523
128
1126
1913
1785
1972
1905
1051
1791
1055
2455
2521
1865
899
703
2774
386
953
320
685
1160
2193
1313
2586
815
364
1854
2068
1454
1784
705
644
299
5
2386
173
935
272
1801
642
147
1037
2771
347
2268
1268
1903
2456
2047
229
1739
1745
1559
1936
1766
896
223
2184
2218
647
1781
2304
827
973
2773
2426
1196
1968
1851
1881
292
1144
962
580
1589
1083
2554
1780
658
1557
2191
966
2661
63
2424
1175
1798
478
2221
2460
1569
2772
2306
1508
1761
2286
486
1648
1626
1375
334
2767
1617
706
1152
501
1275
553
2618
1472
1547
1869
2662
970
684
652
2425
2223
1862
1346
1962
857
2190
323
1293
2638
1979
2300
2415
1590
2367
2461
1684
757
1870
2664
2423
2639
1068
2119
2619
1584
1880
1991
544
2615
1063
536
1064
1471
1567
2660
2189
2659
2577
1612
1060
2498
1741
317
515
1883
951
1813
578
1978
1805
2035
1505
1919
1044
2497
205
629
657
1911
2616
972
1050
2483
2578
2484
1614
2067
2252
2663
1310
833
636
588
1391
23
2366
1209
2183
955
714
2062
881
675
2052
439
1307
1571
18
402
1835
2636
2416
427
1636
1760
1879
2513
360
99
800
107
1288
333
622
900
2417
548
2637
1344
157
382
1887
251
1299
1990
640
1634
2467
2515
2466
1579
2512
2418
976
1352
1081
1839
1965
1804
1890
794
579
1393
985
2220
1040
1473
741
873
917
373
2288
2195
2514
2260
2665
49
1803
954
2264
1432
459
294
2481
2516
1246
2482
2450
1598
1951
1428
645
274
805
2635
1640
667
1254
2001
1389
2468
2756
956
1425
1269
1537
1434
1976
1706
2449
1155
504
54
197
1616
276
2634
1623
2755
2310
2388
871
1686
2654
200
897
1312
2224
2518
433
1732
1478
1999
2605
914
321
1615
2541
405
2342
724
2517
430
583
1252
2645
2201
1998
2644
1082
1355
1424
832
1153
190
2003
175
643
1690
1954
901
839
884
210
410
31
576
2196
2629
423
2731
2054
1681
500
1301
861
133
581
989
2519
2542
163
2732
1906
2303
2730
16
186
447
126
2729
1379
458
1588
2669
224
979
653
842
2389
2520
977
984
41
2059
2173
2646
1633
389
2060
821
1049
1412
180
549
155
1682
141
2505
2672
1834
293
1641
1777
2037
451
1057
2626
69
1392
744
1606
1177
1610
2336
877
172
1552
1577
1502
759
1754
499
1637
569
66
767
1122
1427
721
1876
1842
2668
748
400
1638
1657
1575
1993
835
248
2510
492
2447
406
1639
1719
60
1411
523
1580
1158
2395
1982
1426
2742
1110
422
516
1832
491
2343
895
1180
32
174
2628
2511
1078
1748
1720
753
338
587
1284
1368
739
765
2741
217
1768
2172
1718
2509
1287
481
597
77
509
889
350
1625
2347
2394
1607
883
1885
1800
1332
606
1280
1644
415
441
737
522
1789
2508
1566
2344
2491
432
2492
2121
198
2627
391
1544
2453
35
412
167
199
1490
1201
487
1829
1327
28
1315
2373
2244
1678
942
1601
2012
1981
2740
2448
2065
939
1670
1591
80
193
1600
946
1491
1054
2494
1512
1755
1381
2399
2338
2198
1154
390
2739
693
2493
202
1088
2536
78
2400
2547
610
208
625
2339
1830
2071
674
1531
849
2127
559
425
239
339
866
2398
1498
2011
719
2548
1522
2143
2004
2352
841
1769
216
182
2480
2167
2258
1059
751
2372
996
2445
2590
1518
428
39
2446
243
2534
987
2609
1343
1218
533
429
1599
1930
7
1524
733
2024
1542
2535
335
796
2247
2176
694
1474
411
2311
2539
2479
2000
1908
1611
1548
532
187
958
978
40
511
2589
2537
2181
960
1764
2592
2350
2763
1613
1188
443
1125
1917
1390
346
1931
2045
734
2169
1696
61
2180
1715
2496
238
1992
2621
2533
2293
1916
70
231
442
2061
2345
2307
2610
1672
2274
1124
2759
2562
2250
711
135
1578
117
2144
421
668
2495
2591
2762
435
534
633
2623
1756
2538
381
1816
1098
139
1867
1366
426
1433
905
1217
1833
1941
2561
512
1123
2146
2147
530
230
2243
142
2219
253
1335
92
2182
2248
1676
1194
2242
806
494
545
729
2305
2197
1161
403
911
1388
1165
1111
378
847
1222
62
2620
903
303
683
255
2406
384
1314
58
1179
1724
519
2179
2761
2599
258
2760
1367
1528
1486
2462
1729
1290
2270
1983
2622
1386
925
2312
1001
648
374
2463
1348
735
497
743
799
2110
524
287
2275
2600
51
1929
1369
1337
414
1234
2292
659
2056
1273
682
1121
2506
704
2580
307
822
1564
418
2405
379
342
1262
17
577
2111
609
355
1316
204
1680
404
1631
64
270
369
1403
1349
651
1361
994
630
1039
723
2315
1758
206
752
1940
1207
67
1581
1477
1325
561
1935
2161
1476
1354
959
1277
513
2048
493
2489
237
967
811
2529
2507
812
169
1700
540
611
982
510
2702
19
2579
1156
2174
195
859
1694
882
161
2700
2245
2026
1551
189
890
1131
1574
2118
2758
1507
2069
854
1482
2490
560
1632
250
2719
1104
1560
707
1350
2613
2299
1356
1406
981
2720
1260
2726
2298
1509
1321
1247
680
531
2528
1997
168
37
995
1101
1733
440
319
1765
1387
650
1364
2313
2308
1866
2703
891
2087
1722
2614
1510
2808
29
1200
1561
840
2856
1336
2673
1762
1345
2701
1270
792
1231
2295
2934
1750
1292
1102
2676
2857
1977
2611
2949
2397
558
1224
1363
1309
2050
1545
302
2786
836
963
1709
2302
353
300
171
1119
1414
1229
2337
1910
2757
1481
2933
1319
2952
1176
586
1782
2925
2523
1093
2736
865
2040
1300
2853
2839
2749
928
2524
1407
2374
2899
2046
203
2833
1939
2612
1794
1199
2792
1181
296
2530
1996
893
2947
1113
698
166
9
1723
1298
2735
2822
2063
1895
2617
1297
1266
2269
191
2262
1295
1276
2722
2921
809
2070
2126
2082
2793
2090
2902
2932
313
2807
1174
388
2747
344
2721
256
1847
2039
463
409
638
1771
315
2829
1707
176
2803
1330
2112
2737
2855
2734
2929
656
502
853
1713
1770
829
2919
1511
2802
2796
2955
2874
2860
2327
2404
249
2085
1304
1767
2861
2963
1814
277
2920
2843
913
1663
2375
2866
2096
990
2816
708
2941
2924
285
1282
221
278
2908
1320
2880
2809
2251
639
1089
308
669
480
788
2886
2878
2014
2935
2785
2238
2962
1197
2845
282
1422
281
1836
1621
1272
2893
437
2896
2873
1334
2396
632
1817
354
2959
2725
838
784
279
1757
2854
2912
2852
2748
677
456
2066
2102
471
681
2525
283
2077
2407
2783
2818
301
2034
2790
2884
1100
25
1183
165
1740
2236
1062
2128
961
2957
154
2522
2872
2800
2806
304
2301
2129
2296
1211
1717
1109
2733
2948
620
1190
1150
1697
2294
2794
2810
2428
1347
2831
2906
2851
2801
2134
2840
1215
2117
1322
179
185
2930
631
2900
1667
2846
1362
116
2918
2362
1303
2867
2053
602
1937
864
1565
146
1340
1744
584
2116
2113
2828
1669
2883
2427
2940
2961
1359
2643
1699
2928
2098
1069
2815
84
2084
1097
2870
2795
826
1480
397
2954
269
2936
2950
298
662
1513
1820
2163
782
2938
1339
2891
2297
268
2791
1603
2911
2898
2943
2881
943
2927
1341
1210
1483
923
2259
178
2064
201
495
1184
2922
1457
541
2858
1358
716
2804
2966
2131
2909
2811
34
2965
2887
2787
2849
1624
2166
2088
2847
1253
4
1070
38
1806
1203
2835
1488
2879
907
1530
2850
371
2837
2440
213
2093
2916
2158
434
290
2010
2805
929
1860
1570
824
2675
2904
2814
370
863
2931
2073
2092
2897
830
56
2008
2007
1436
945
1191
1159
2836
2824
2939
2905
2819
399
2798
407
2799
314
318
670
2945
2583
1236
57
2914
2890
848
1886
2266
1296
137
1405
774
2842
1138
1187
1556
2820
2834
2838
305
2832
1128
2788
2750
1107
226
1583
2944
2139
2821
2882
1812
2081
2888
2964
1647
1038
2826
810
420
488
2086
589
2844
2951
2229
2135
855
2124
2946
2091
1435
2813
2876
2160
2115
596
2923
1278
732
2078
2438
858
878
2937
2953
2581
2956
1227
2817
2083
2958
2910
2738
2789
2942
850
2072
2006
26
1099
326
1856
310
2408
242
980
222
1317
1311
416
311
1845
2797
254
1710
1712
1384
828
1398
2584
1163
1255
2885
2875
1230
1195
2094
227
1714
1742
2109
1206
1095
2674
2076
2162
846
1484
1326
844
834
2859
1239
1225
649
1468
2080
933
626
1370
1205
162
1192
2877
2907
2895
1328
1043
2099
2095
1212
183
419
424
2103
275
2871
2868
2869
860
1888
952
562
1281
1251
1198
1423
244
376
368
280
1716
1702
482
72
2328
1736
1868
2075
819
888
2582
2235
2231
2827
1849
1108
2140
2960
1145
1228
1324
1882
295
770
1076
401
1938
2114
2023
1692
2055
2894
375
1140
1166
2848
1627
1338
90
1894
1884
1283
869
392
1323
1286
1291
1130
1759
1404
825
2812
181
286
887
345
396
1918
2403
2108
2903
2089
1525
2159
975
297
1306
1878
1562
2074
1819
1302
673
2013
1271
