0.3671547285802359,0.20912632800019737,0.09101093851834444
0.6171547285802359,0.18856450634836708,0.0013333028385979911
0.23786098619308998,0.27782324662473495,-0.08105217508848615
0.3711499341208735,-0.08417402456113689,-0.1674566764507556
0.6211499341208735,-0.002271116608301857,-0.15466958252583674
0.679505015343238,-0.7832626959792085,-0.07413881711018391
0.2458319268772971,0.04524642806382099,-0.013416818417973722
0.3434362385084219,0.36465148607332654,-0.1891903700499458
0.3716290596647331,-0.2569793594534341,0.005449689746421252
0.11653818449015117,0.11394334668835857,-0.18547993202480434
0.6398436598747007,-0.6116350201398432,-0.16656141442824518
0.621629059664733,-0.23257440725942877,0.10770941188080123
0.24631105242115667,-0.2419514863108097,0.17137700915492202
0.47065452771035765,-0.677257407365662,-0.19439127173657827
0.7546117496307223,-0.07980088422108851,0.018798657656861797
0.660341362009808,0.31896501993812804,0.529612259549921
0.6967553902434633,0.499887186144638,0.5988460732155019
0.2844782716585228,0.28851197536756984,0.7214377898014004
0.510315883178895,-0.8488850832050274,-0.10196867441851698
0.3324828488296116,0.33316792180526184,0.5340953460976223
0.7506165440900847,0.21519624223149994,0.17989442074646916
0.43272987750459924,-0.7640951159687952,-0.38220582149582255
0.3231461851132441,-0.5743556337406535,-0.10060591282584497
0.12929374238714592,-0.06861614162063913,0.17214389061072904
0.7890185603068691,0.2405733080267929,0.6167405075404364
0.20612887507923333,-0.6189496118959441,-0.2344350208821659
0.5934362385084219,0.33220220304577736,-0.16447542624735872
0.4922076667493348,0.3420101187331927,0.5998155801397839
0.2852215349074857,-0.6990198864362961,-0.3717537959184226
0.32915887969498936,-0.3516915622734674,0.5327175260887586
0.444203089578246,0.2973541722955007,0.7871580238435618
0.28647800866422346,0.6304204471397364,0.4799626224436577
0.5286216949829902,0.5229322849397026,0.6690493938053648
0.7870305723237401,0.5764324894206017,0.43044654447612574
0.2862936365525928,-0.2998402292007955,0.7221570785694806
0.28324771218223677,-0.6375324720470498,0.47906332513238
0.77282634984069,-0.5962126844848389,-0.2898472871831557
0.6985254668097113,-0.27189518208737573,-0.738745551636586
0.7423353172775872,-0.4865434767970491,-0.1455661535494349
0.7025197271232047,0.763168434222692,0.19982097721165235
0.8792937423871459,0.07572129448912888,0.17772638594453094
0.7866731252310801,0.6731423438433832,0.09151968958702064
0.2727267243986293,0.5679219386418037,-0.5704771586396865
0.7897040881834314,-0.16405289088993036,-0.6523104070889639
0.20318910644246568,0.5053813895419526,0.5084954891276641
0.7028771742158646,0.6887667275109101,0.38854328216653494
0.2811285618077727,-0.7413539382277067,0.051145631037224894
0.19986513730784347,-0.5128114278701099,0.5071176691188002
0.7268980540182708,0.4234361686122381,-0.057202899680038194
0.8713228017029389,0.47842150654816984,0.308430066940935
0.16715147208329742,0.6066077383110544,-0.6903783151536583
0.4521857792850248,0.6391291456095557,0.574796293079197
0.22689805401827073,0.44275896226656264,-0.0667797785757565
0.6621799099748547,-0.38291660386156573,0.46932496113933736
0.16623040214822601,-0.6922364788323105,0.6053442457060294
0.4491165697359347,-0.6463627898235302,0.5737772002898336
0.24631105242115667,-0.2740827462182723,0.3892457492474594
0.6672062495713842,-0.07614304646556921,0.7262225543879277
0.27993243223510145,0.047746547711539834,-0.7412214256271892
0.32761196691899597,0.062475079002789695,0.7283414400916743
0.44920614373683115,-0.3213892558621778,0.7824258444864871
0.27191365254721606,0.7573609442816135,-0.05709836265080096
0.7423353172775872,-0.33367795904577646,-0.07401387645441346
0.4443185131749564,0.0449164366398879,-0.8623652834824228
0.7819966727461245,-0.681589723660356,0.06897517798322661
0.3284458092787601,-0.07576815650872813,0.7277086400811585
0.48613361732510163,-0.08154644442339362,-0.7198536376483567
0.44610792451988646,-0.862299287939078,0.04079102650129889
0.8670173100340107,-0.5384546042311991,0.006539684487229629
0.8713228017029389,0.36270965524890597,0.05582316553630868
0.18991515085981053,0.5959582987030225,-0.44576809703756554
0.642248377546412,0.6425124059335415,-0.0293432211650964
0.20261196691899594,0.14580841233612296,0.6450081067583411
0.1651552069612847,0.6945193159258678,0.6035136342298472
0.7549019397335082,0.6099971155390861,-0.2767653877787671
0.3102507934713008,0.6248459245928629,0.04491736259674566
0.5284168114612303,-0.2401213820017603,-0.8229869226800158
0.32174753638524667,-0.07871633335174169,-0.598709779793123
0.0843398985444786,0.6346440983722732,-0.5656692535515374
0.475601116999442,0.7457828738669734,0.03436206161073562
0.2034458092787601,-0.15910148984206157,0.6443753067478252
0.6987547805312,-0.6595308604451585,0.3712845632408723
0.7080751071250821,-0.3657262753449054,0.6457646190000229
0.6702522632616494,0.7614527003487669,-0.17665953151389296
0.7922062495713842,-0.15594317630258778,0.6080713420101989
0.2506165440900847,0.24172701495260945,0.3800881966592004
0.2808398274543969,-0.5954291599099119,-0.529397087891506
0.15552182021082048,-0.6940480587603854,-0.6033965813341556
0.08284782727383272,-0.5675154346553708,0.6333985896924496
0.6562422726735826,-0.030255261136894057,-0.6142805057157938
0.6978652856896158,-0.73381934828754,0.1828827502141593
0.20520935189509548,-0.21278231306599624,-0.6429658549856004
0.5358724665762347,0.8396846805662779,0.18440082311116357
0.43726397607535733,0.8782978935557241,-0.067653663636811
0.8670173100340107,-0.3855890864799264,0.07809196158225105
0.7879125071842383,-0.07059624539554507,0.867289364084636
0.3049250103443019,0.41078718194708863,-0.5539951918589752
0.6688594939729156,0.6527924990819093,-0.4300405201649769
0.16633840023188415,0.8692700486542273,-0.00022282386813593513
0.1213228017029388,0.355930722817971,0.04135841638570313
0.16339424774495026,-0.00298609866938139,-0.8688108341529998
0.16411125177376196,-0.8692812497163307,0.0006498563142373417
0.11701731003401075,-0.43520261181491493,0.36364589227750105
0.08186630473952687,0.5694802583280838,0.6320465009138534
0.6961097448232488,0.14994817850635975,-0.7397283829054825
0.6640185603068691,0.12091484379041069,0.7316740225130828
0.8753180072435764,-0.1809044360074362,-0.16292463067835286
0.20467554115596887,0.6534216956321434,0.18512623471274406
0.4366842786380367,0.6693506007986755,-0.5722236892660985
0.8713228017029389,0.5007296542591695,0.15822551700671253
0.28796444337772664,0.7329539639891033,0.3232600346954045
0.5361660764376224,0.7284182849047994,0.46268971017974336
0.8555752523153319,0.40907982914031943,-0.2210897404413698
0.12929374238714592,0.12904918844210383,0.4557026357229102
0.12929374238714592,-0.15201005770689635,0.46759009709862903
0.4538110452698512,0.7982799996491273,0.33308992407983407
0.4873367848387192,0.15465060926405388,0.8318882182263454
0.9129125071842383,-0.1503963752325636,0.7491381517069071
0.7221134368054831,0.3178458635738587,-0.32836226700869037
0.0764291603825681,-0.5684709949792096,-0.6327444729645655
0.20174716762614453,-0.469852096128736,-0.5587449795219159
0.24233531727758717,-0.3802726809575673,-0.10348350055687043
0.7828861675877087,-0.5074387266718549,0.40972040701872287
0.10557525231533192,0.45124101318189974,-0.37000546208620394
0.8993266874181762,0.7056602805830535,-0.30854107075673604
0.28163851227766357,-0.354476612748569,-0.7200935100793718
0.11701731003401075,-0.36524480781494284,0.062443818851630334
0.9157077706208012,0.6695006293835102,0.5192370476484671
0.8975083425971135,-0.7518089487100295,-0.2757213070898023
0.8317374704971893,-0.7432041384071966,0.4628049752006737
0.7418561917337276,0.003275684461722189,-0.40271150478735473
0.5321373554055934,-0.7375163140751185,0.46056824973844146
0.2003176939721158,-0.6627355786854164,0.1828034500654035
0.5311656696277208,-0.8489065253404432,0.18252845604056467
0.2221134368054831,0.3353069928961543,-0.40908272022705994
0.1213228017029388,0.41394048268930017,0.3544883396892421
0.11653818449015117,0.06268069050956399,-0.36558271077775617
0.49135831646299843,-0.18065051650344385,0.8258039500906744
0.6848733876807351,-0.6020772797280516,-0.4369224811404081
0.46888256458370925,0.5122158441039604,-0.5557417224853872
0.5139660475089874,-0.704337323986189,-0.5014511581447418
0.44045989090394344,-0.3789855706126811,-0.7789707199185535
0.2837002688465091,-0.7419498336215322,0.3214157727456499
0.18856091309418602,0.6787905310674663,-0.18899891385309756
0.20004108758358236,0.1823710643313728,-0.6632062284030665
0.6360709910448905,0.47190702453709954,-0.4583604848008171
0.8232074595661348,-0.25356630171310196,-0.8787038041391116
0.7817236638833939,0.2510997766165987,-0.6004055597269756
0.8315543725129257,0.7818348674738186,0.47733378533887644
0.5296126479166801,0.19825326312347802,-0.8459084986353095
0.8132842416575836,0.7484556641258767,-0.46181620314294586
0.44956888179000043,-0.8071754305651877,0.3314953832567371
0.8295715603330976,0.15904444819732788,-0.8600532457878061
0.6961864237099015,-0.4545923052420744,-0.6563313935509596
0.8146770109463175,0.8571158653927344,-0.20843521449186192
0.7463110524211567,-0.23421674065028394,0.34233540135705964
0.7847248179197233,0.12646164486043482,0.872740832209791
0.914386080939855,-0.14572401051565656,-0.7922686595914896
0.24185619173372758,-0.07862722349111281,-0.40522998932820453
0.0829856607788541,0.7906996354400802,-0.1321233750704325
0.2828526611224012,0.3210013709368207,-0.7424085007643636
0.0835029030934312,0.13163841795045156,-0.7907956369288772
0.12929374238714592,-0.0174140681947684,0.352186086610757
0.12531800724357642,-0.4248666591128579,-0.2373126086131913
0.6956812181228011,0.4358617721068039,-0.6297100250618279
0.0741520668916142,-0.15355468877203743,0.7854421164445334
0.08330038393810503,-0.7906628901740405,0.13230767534241594
0.8753180072435764,-0.1541073147755708,-0.3530910113450884
0.08335273945303005,0.7907438691216377,0.1319005512022966
0.8095553804371587,-0.757673543953242,-0.42279650104705474
0.08081086783565693,-0.7907918154497809,-0.1316578190281786
0.07331822453185002,0.15135521340614705,0.7860749164550493
0.8792937423871459,0.07930657456133508,0.35649529694644566
0.07989134465151905,-0.13462451661983293,-0.7901886531316131
0.52849279166162,0.4761705916736647,-0.727091262746398
0.7873650450836216,-0.4534003669010007,-0.5035776150770341
0.442886865294442,-0.6142897274695959,-0.6136335769019372
0.8311969254202658,0.8986678262366999,0.17672946376503545
0.8670173100340107,-0.35873886346057315,0.28273084723644515
0.9153503235281413,0.8086417358573912,0.06842817614040375
0.8753180072435764,-0.2678731326746502,-0.4751165246914959
0.4480381405156439,0.33971368080057784,-0.8039669131413728
0.915868857553698,-0.591112004633893,0.5012408189785243
0.12531800724357642,-0.37935986987203396,-0.40397927527985805
0.5032379240405035,0.8646789346006413,-0.21031150834412338
0.27290081163866464,0.7578178115689455,-0.32789147210799807
0.9151854793932427,0.2601960463075668,-0.7207304226092994
0.8124877053092273,-0.8949440681391863,-0.21328581359380536
0.1673255593233327,0.8506967990693808,-0.3666867914166056
0.9120470378400451,-0.5410232350150364,-0.5879281002658221
0.5031993925173941,0.7623384151189586,-0.4582719211689933
0.16668295881249834,-0.8508470282379779,0.3665908561139348
0.8665381844901512,0.1797549679464725,-0.41059546018425164
0.9097248179197233,0.3623009021077593,0.7291713236504471
0.16631447663225002,0.3659395826471719,-0.8509677924179959
0.16664164167478787,0.8512460206064194,0.3657052092762295
0.11701731003401075,-0.4807094010557388,0.1969792256108344
0.1213228017029388,0.45944727193012413,0.18782167302257538
0.1599035276639093,-0.8518319731179546,-0.36464745215570776
0.0829856607788541,0.8928293959937446,-0.22779423316170505
0.42222749905684087,0.8227692658280097,-0.3386487656130139
0.9158686129434913,-0.8158843724885629,0.3148919367737175
0.0835029030934312,0.22730927604172402,-0.8929253974825416
0.12531800724357642,-0.21269320320536736,-0.4494860645206819
0.5226155840924696,-0.5132216215525321,-0.7018586783715289
0.08330038393810503,-0.8927926507277049,0.22797853343368837
0.08335273945303005,0.892873629675302,0.22757140929356912
0.820868416466325,-0.54221517335611,-0.7406818787397476
0.08081086783565693,-0.8929215760034453,-0.22732867711945104
0.9129125071842383,-0.3008632828426762,0.8301482266192467
0.9120470378400451,-0.691712312314275,-0.5161388291790966
0.11653818449015117,0.1972160972687681,-0.4810473040185521
0.07989134465151905,-0.23029537471110537,-0.8923184136852775
0.15632050503408715,-0.37198967439367814,-0.8482861913532063
0.82914303363265,0.5509097902860813,-0.694427120630414
0.10557525231533192,0.49674780242272365,-0.20333879541953728
0.8792937423871459,-0.07785793753973748,0.4321935581350349
0.8254325885405245,0.5033901526450747,0.7669843961183569
0.0741520668916142,-0.2492255468633099,0.887571876998198
0.9153503235281413,0.8736749629915169,-0.08421041758968223
0.07331822453185002,0.24702607149741965,0.8882046770087137
0.9139575542394074,0.6826182077603445,-0.5548532633473722
0.914386080939855,-0.0028301110716521306,-0.8745636211006433
0.9151854793932427,0.4259767108677656,-0.7687493776938484
0.0843398985444786,0.7822806481667615,-0.49467344497614335
0.915868857553698,-0.5772238737645219,0.6732761892091496
0.0833825748743933,-0.7824676226013985,0.4943932094014891
0.08284782727383272,-0.49651962607997663,0.7810351394869378
0.9097248179197233,0.24264243787137701,0.8441048386230934
0.08328890222175782,0.7827856360222425,0.49391468670390315
0.9158466018921245,0.8546367208618463,0.3293009514338344
0.08281157353881882,0.49441119332669053,-0.7824556400265796
0.08186630473952687,0.4984844497526898,0.7796830507083418
0.9149793627121138,-0.9113793904645339,-0.08936628461924126
0.15518452927137688,0.38972963452886655,0.8434744826259304
0.9088213786262799,-0.41651685520164894,-0.8158475107524958
0.07909265982825238,-0.7833236422056343,-0.4930996617574994
0.1569998941654469,-0.3899642862220439,0.8441937713940106
0.8287813647379363,-0.4763602672858235,0.7581954351100336
0.9157077706208012,0.6169605888572246,0.6766136820923176
0.0764291603825681,-0.4974751864038154,-0.780381022759054
0.8792937423871459,0.2257621600295828,0.4405041332652901
0.7506165440900847,0.3041538719409179,0.35337588527477465
0.9149793627121138,-0.8076942536734935,0.04861357332406986
0.8308479756556051,-0.8599238783006775,0.16252114555500258
0.4950277372486874,-0.44385521338328116,0.5440980679128788
0.5409229343989149,-0.42666488486662085,0.7205377257735645
0.19831822453185002,0.06802188007281382,0.8694082497883826
0.1991520668916142,-0.07022135543870402,0.8687754497778668
3.8141973221470966,-0.45578057017950513,0.009145196464870255
3.482083814352862,-0.4165606584548244,-0.11254006344631962
5.9811054425458,-0.2025920212924134,0.4485135545942103
1.8199178849249897,0.4818230520372291,-0.09961114324292714
8.673683525024058,0.05613689072177978,0.3168169965797201
1.6509033905203425,0.38876312404724667,-0.1803866641171925
6.363689139817082,-0.3041853272057097,0.39469026128828755
7.285345034077196,0.4811799690747271,0.06256674749249787
7.0385157724994345,0.482803364876966,0.07432876595180463
3.899087267830625,-0.6290917464594101,-0.16417777720861895
8.548683525024058,0.05455126584099985,0.5001898526143858
1.8537633193833585,0.3768245464197456,-0.2412239300254015
1.643343681844702,0.21381097782809308,0.40624252804199695
5.949931544850293,-0.37846114405136033,-0.3890815298474349
5.156858243015921,0.18787949958781544,-0.6499236946799304
5.1516649899675855,0.2714526195902084,-0.430744170059697
3.633255731972218,-0.569536121288934,-0.10058288451752384
3.263851022882988,-0.2912587093111374,-0.4218482953782168
6.249221048550569,-0.1200459521435913,0.4539790259717531
5.241585093611759,0.0007713156900537033,-0.5415059300640068
8.281022923035138,0.1047748616261866,0.4382684216131305
7.378287446737832,0.6751067237897481,-0.06835999979147916
8.820508527697777,-0.1372150135111046,0.3883643044433887
5.83560579426276,-0.198449741961479,-0.6406836775825286
8.732376008672718,-0.2237122745868192,0.5568754475320751
6.916399212380025,-0.0718205793909378,-0.471362712293515
6.747256579626664,-0.22640737234795227,-0.48137766376644453
8.645454972401911,-0.39350484164553845,0.5775091442286406
3.354659733275053,-0.2715306662970425,-0.6576342330399372
3.2963468473915416,-0.0801940535740009,-0.28170465741367423
6.5587144714223955,-0.2857197126055395,0.4663224312770044
7.391861900414636,-0.4744955477376702,0.22053300851745317
1.5329713445834752,0.26804363965654865,0.6090373114455262
1.2037300317335897,0.3686674356319597,0.5434602344909046
4.828376206918944,0.40772265739177027,-0.2047252893523557
4.932470652824761,0.436480258617154,-0.44508071790524845
3.123207226393063,0.49938825209624577,-0.38675025536266366
3.044848071036594,0.2893496071402684,-0.36638837914090727
7.144278922059145,-0.18140016475974802,-0.4565509482864105
8.62431246754164,-0.44669507454754076,0.3615367719918176
1.8271555835430229,-0.27126439313196377,-0.4060445207346538
8.607376008672718,-0.13023900428362017,0.6937249597482921
4.6199790711404285,0.3349428096455216,-0.29032862950910104
8.07458787709124,-0.04801389318874112,-0.8113912334166192
7.155944345135236,-0.4447663715015683,0.24879755508765386
8.036819917485934,-0.16442179660439638,-0.6324106511270331
4.724073517046246,0.3637004108709053,-0.5306840580619938
4.9574495757896795,-0.46961403778848093,-0.44237841945443873
1.3398192954293324,0.19950840972926498,0.5215145852788547
4.835805727830765,-0.4352453654962643,-0.20009688184831897
3.7181456776557473,-0.742847297568839,-0.2739058581910131
7.131458185160072,0.676730119591987,-0.05659798133217242
2.100061556239875,0.1316328754749919,-0.33874856809904164
8.267637666979587,0.25388894388830247,0.6214819299162271
5.783043789616904,-0.5104032509599329,0.1898828997262776
2.761191456695258,0.30249228829963326,0.4333004695347932
2.076823052978301,0.30866125720949555,-0.4666945609554922
2.217816891450039,-0.4684537242130391,-0.14640138149986934
8.635723179252247,0.19046710865490596,0.6889013325114163
2.6574954311838437,-0.014661283961911825,0.53860613082147
2.6110707310095367,0.4683686159264883,0.49737006635799713
3.247922306323661,0.6499098235109276,-0.00801638766472243
5.064862676965587,-0.4003190363359171,-0.23298589295884525
7.478002281539789,0.2601199165986912,0.4684294074006
1.855192303202154,-0.2247837025910133,-0.6413846492262802
8.853174997326281,0.20099836981535185,0.38278856559883645
1.866279187159703,0.6936423749052145,-0.16832839630579108
3.384695769048773,-0.5265352343350415,-0.37804732620741377
7.565172767622498,0.4216594088867961,0.33937177371415744
3.4510726167881733,0.6223856356480016,0.04574955552098722
2.890831064562505,0.454647544482262,-0.46234227564577557
2.661086705168175,0.18219919413273133,0.6726028675831093
4.728392626654857,-0.5045403669488282,-0.40948940834391245
8.069054480757456,-0.2158577118330492,0.4324458695711812
3.3043450547263045,0.49605276412682264,0.09738165451882437
1.782065468185146,0.0885842435308401,0.6216345932008377
1.9693748032591452,0.18990848093127735,0.6069853212079797
7.170493710255821,-0.06623072866813676,-0.6707956762841176
2.9691902199189744,0.6646861894382394,-0.482704151867532
1.533536557919058,0.5604927733828206,-0.35121596194158927
5.919220541085266,-0.6192944976978965,-0.39488031732508505
7.306153995535865,0.31562585201748433,0.5925135166808437
1.912312017800745,0.03758657473851073,0.49222949935564914
7.5191252799654915,0.315525147810087,0.6115588155105128
1.7594187355578865,0.4537909134433032,0.45504021525613547
6.042015278791802,-0.3015393174782618,-0.18684887184667404
3.239109539041823,0.47908986038524776,0.23876684214334926
7.466299887147132,-0.5158125629013041,-0.1140693662864561
4.061075411753727,0.5544175322998531,0.41113694144721735
6.066163202876298,-0.6653057757662328,-0.55020007905981
2.2336820125293526,-0.5952866075351008,-0.34706396399521705
2.755573093113399,0.3677784571527933,-0.36995756673785485
3.1439350855230614,-0.22250033568804523,0.26953726961754193
2.0925252140365016,0.3908546670234727,0.26479785550273793
1.6924969028449068,-0.307591494036095,-0.7717722172306457
7.384112300389702,0.6132014104942178,0.29675666056946975
7.586855645306665,0.2272395351050051,0.6799141534304738
3.387291996059429,0.550375288940616,0.3886857699498214
1.6644601831857757,-0.3540721845770454,-0.536432088739019
2.504977503546093,-0.514375517659624,0.02813750511071207
2.3184655204500677,-0.6701546998861859,-0.1018344641358804
2.487830147400368,0.47622035614654556,0.24446219178440698
4.202087096934844,0.46255710126020244,0.27564079925023766
8.760723179252247,0.28890886743372557,0.5495933047549311
4.805877210044691,-0.677012786400367,-0.12848806253639683
1.9059484763299384,0.4734860828270394,-0.4842187353863312
8.442846450894473,0.29206911837620264,0.7529689745690384
2.0047181676761303,-0.07917023875712739,0.5240515837203819
5.872345480855536,-0.5754764492317345,0.37762264958765335
2.6012927868310927,0.665424650441196,0.21236470169416338
7.883751019333448,-0.050807316691603155,-0.5105706309814132
1.509918856345748,-0.020498832810008256,-0.12208364609687769
1.8174559573452558,0.513111753893732,0.11126196681790002
1.9575423230113904,-0.04390677808642917,0.3046886834382815
8.251421092288513,0.07594248645804466,-0.6956953557307474
3.208191385213715,0.6486204878016703,0.48550958212230144
4.94688508518781,0.4322933495489577,0.24721670197809353
7.137302767991599,-0.544474843039999,0.44432936961544345
7.597909090602704,0.45650914639495793,0.7133408278543599
1.2473674773552987,0.18737666949416515,0.34423322859110767
4.868414879310852,0.6417173355123484,0.22327497894835374
7.59149983040515,0.22881939970621062,0.18088288288710502
7.37906727370321,0.2388104741048362,0.0032539831999753655
7.497244229383723,-0.5741087428207985,0.4161780736282573
6.537166807683531,-0.5080154819589364,0.5014090545487179
1.8710246898122662,-0.5002486521293168,-0.43659300319874
7.410553743011135,-0.6862831960613198,0.06183175887883498
2.786826583385676,0.6075590453573937,0.5601858598454248
8.349476029977037,0.4506673073550212,-0.23628897406053517
3.355598304458333,-0.0731448937754958,-0.7218443113232327
1.958342061094627,0.5783643935453766,0.23857255500618302
6.776971170179721,-0.433469497911001,-0.5421278241591053
4.9794202007968975,-0.2993045465810625,0.37863377619127914
7.333907167382233,0.5602066098030223,-0.38985484404245424
8.350365691263985,-0.01161322981473003,-0.5450648042020882
3.060008928196109,0.577335059246302,0.33559065431582924
1.260676063304092,-0.2973982836503106,-0.5550347236115423
2.4394310480751695,0.7860534176578275,0.2684252955501367
5.638172702310421,-0.6388279699077064,0.28244282687187977
4.12227257048687,0.5488721737206892,0.09114590830950714
8.673683525024058,0.05251733278871096,0.12005654640765513
6.3421414760782175,-0.5264810965591065,0.42977688456000107
1.3418591845114567,0.4507695600218817,-0.32325027245753707
6.9426140005767,0.043348856700673455,-0.6856074402912221
7.921518978938755,0.0656005867240521,-0.6895512132709994
8.461399600744878,-0.5552170473243708,0.39568842870376153
4.937011319559723,0.17376039826715284,-0.7715899672243234
7.481691852393276,0.48289740760245947,-0.2477904046812681
4.009108047652989,-0.4828000012932279,0.5066323447152107
7.298605170531923,-0.6595813367705641,0.5133282216002507
4.089478872516303,-0.26956657806984036,0.45581040045791865
3.247229618476945,0.6159252556728758,-0.214197371196799
4.891375489529792,-0.2806932752748861,0.587562919095693
4.498010103695832,0.758718038356721,-0.2975701105322217
8.149782278323396,-0.37947500382613797,0.05810147491312129
4.468560156456604,0.5494203636962042,-0.37144956264137174
4.71020501968598,-0.5162552465774619,0.033737896385127114
6.4446990246450975,-0.1953447749477264,0.16848031032755229
8.71123350381245,-0.2764092348341084,0.2436639497907137
8.890724976114672,-0.32283947586251116,0.21859103262343485
8.200134486892651,-0.16032200382286163,-0.4886973936153363
2.9369473090713965,0.4416827177305386,0.4961162630222209
3.3259333536551896,0.045856370726471585,-0.5279623062242818
8.133157732496421,-0.5736033026876655,0.08147402631963968
8.651513873922635,0.5228371091786375,-0.18737204637890764
8.461603890611995,-0.4149057466601103,0.6864035254354787
2.4192795633416044,-0.6601935705428092,0.18365784731601503
1.111278213659556,0.35653569539685986,0.36617887780315767
7.066891715879568,0.6791309695892702,-0.16438512312602085
3.159365038269417,0.286126274280214,-0.7951340801505306
3.390484550864587,0.22347937430050124,0.6384387504701926
3.470395462084981,-0.13644767291186272,-0.08060728747735293
5.036520417883987,0.783796054074346,0.26278045796929406
7.998545953059679,-0.16943799151829675,0.6377254663467827
2.834096832414102,-0.06648495969603659,0.6901345669990242
2.334330641529381,-0.7969875832082476,-0.3024970466312281
3.190922291594691,0.2988051574958037,-0.5907803639026925
4.067199600795716,-0.47328028144586093,-0.24752028428714787
2.364457649039715,-0.22785258521268356,0.47967128307893714
1.708329289455019,-0.5830564435743985,-0.5669805712031052
6.230106298596767,-0.025429749567743458,0.6836108905027254
3.4554436005509106,0.7024185067553921,-0.3653919746054123
7.684730869689211,-0.5132423264808588,-0.14894406063422289
4.749028748768719,-0.33673589392053205,-0.7166569126145057
3.252100012715521,0.19793931785924967,-0.6255791263089143
3.71914864852754,-0.6626657018202812,-0.46748818114686663
2.7782782630913863,0.37757432509734207,-0.5941425499015567
5.943558698199375,0.6586263113012409,0.16347938465310838
1.9715391206680724,0.380387854880175,0.518903844237422
6.846598758361814,0.006198757857287157,-0.8587535280575199
3.641084551343315,0.6112066981069773,-0.2910622723529622
4.634501076875134,0.5003746712408906,-0.6852395040162622
4.60702138812666,-0.009690100476235874,0.5271613781909218
4.936104129146701,-0.03356272328008579,-0.7939657543545138
2.44422734382907,-0.14635923238774368,0.6672120989963047
2.325968408644444,0.596849123363177,0.3005227856403803
8.282480899599562,0.5494013095596862,-0.4297243665304379
4.723420930732872,0.18455367052329713,-0.6380137827608353
5.083016901800036,-0.1197949057990679,-0.6517490869937578
4.73087237138967,-0.12223366005791514,0.6441965560816219
8.698258707558377,0.6241846476062953,-0.37732625446671886
3.4657238236871013,0.17853947007747992,-0.621990516524212
3.551749885261243,0.3049240860703165,0.7672214520222576
8.423524926882804,-0.2462055318274578,0.7519035592690403
3.484001559004995,0.05851993408645491,0.4933475028176666
3.5368706575399216,-0.5993291014205933,-0.5596724702344715
4.958332378510686,-0.31716896287446655,-0.5856476651073439
7.484988552629323,-0.2675953124682871,-0.08043033305100425
3.636020879733862,0.4971892591615351,-0.08610172575863935
5.052160131873094,-0.6329576438261777,-0.5647132099315053
1.9403337615191718,0.1236764613637081,-0.18700879607704468
6.086561483002184,0.5322210138401672,0.07787364673497156
3.1795899585081973,-0.3536205961924068,0.39841515591359855
2.201400986650869,0.10439174399981196,-0.08138527114801501
5.563379270660313,0.5506244462004073,0.09719491497459129
3.175498202412638,-0.23185419241791938,0.497896410975354
2.182493149338942,-0.09038976549487983,0.007303244001667035
4.863328822884108,0.6621437747908588,-0.18683274076014142
4.605605840642759,-0.3514472854314023,-0.5529743497578654
2.837688106398433,0.1303755183986066,0.8241313037606636
1.5136178506820863,0.49831233176411505,0.6686095068062772
7.954202789026076,-0.3278537005580751,0.7616780408505869
2.588322733582703,0.4840010686511162,-0.27652072529473326
2.559836290988455,-0.8181078828062742,0.19319845418390053
6.011304275026776,-0.5423726711247978,-0.19264765932432423
2.2276439325652695,0.006537294895756621,0.1901865206106923
6.3573991193440245,0.39458882078371427,0.3386997351943846
1.5008844719235659,-0.14772557891491994,0.1875146698692022
2.246551769877196,0.2013188043904484,0.10149800546101026
3.1549411369130356,0.8207100700129274,-0.21083109749199547
8.548887221277269,-0.009289755151857482,-0.04444123033462544
3.6521247892633437,0.2652087290815748,-0.4394027193854499
8.617101035623257,0.0967650889683575,-0.21504964616179484
3.26928144695116,0.508843802451781,-0.611142240124449
4.7501725841925815,-0.13869615856542428,-0.7826864669950987
5.727474393549054,-0.7039011681795079,0.4701825767332555
3.913535698876586,-0.4638517036602021,0.6994151052056663
3.454790259047139,0.5855411855897483,-0.5381518603693604
8.386823542840292,-0.5319893535452047,0.5985673828771848
6.735236273188099,-0.5330923632781386,-0.2231600094295949
3.9939065237399003,-0.25061828043681456,0.6485931609483744
3.6452668934016508,0.13996464585627014,0.6221302043697315
2.9659020115027346,-0.36357814956087386,-0.3929294229469784
1.9827246426980065,-0.4804913380404022,-0.06654360557814905
3.6404312098395435,0.4943293769413337,-0.4638221581169104
7.486526422909559,0.7017855141812952,-0.46024371225069344
6.536657012245251,0.46993766995137365,0.26396903183342924
3.9088953133884186,0.06315814115604809,0.5146912870247962
1.863817259579969,0.7249310767617174,0.04254471375503607
7.504329344322441,0.06727990741810574,0.30994051657354754
3.7702668934016508,0.13996464585627014,0.6221302043697315
8.184421614894038,-0.7149683707453524,-0.01927514792022507
5.430354312531902,0.6708615345344524,0.20037898939942037
1.3647952082278234,-0.0675241827216432,0.03597885455294665
5.213943223829722,-0.2800144811713927,0.43047985840102815
1.3204658015279434,0.5151494514740431,0.5757993341659965
8.853174997326281,0.17330947629144028,0.10045067315220943
5.782906266344305,0.49242268390663163,0.20912102485721967
8.741897339370048,0.23135897521612284,-0.0920644834158959
5.9983575389368715,0.731513668523043,0.35918841309623845
1.755482132231611,0.5903029711728777,0.29940982091439194
4.282466614917187,0.4589987927943946,-0.2959581323910435
1.7571883250855374,-0.4381163305804767,0.3177026325453648
7.098263805348711,0.8606818967980663,-0.029371336583578843
6.3302309333785844,-0.011205399885608036,0.2277690750110179
5.249658179896588,-0.26818359784113,0.6369129617603293
1.4592260171127414,0.2114192581746851,-0.08017479688320805
3.9079695076846575,-0.20612137744542436,-0.0008501744472650882
7.472739624698775,-0.23297634364669262,0.1541859896852731
4.598844151586743,-0.022121444420530052,-0.6606052656520734
1.6733303500169796,0.5992955832138589,0.5970961467142905
4.835319069396728,-0.05126621683153984,0.8257977373211982
6.657034502728085,-0.1452349681875952,-0.24551752804262061
1.196735536393532,0.5725079432894942,-0.23138348542309078
3.7170118314100558,0.04719573955229423,0.807666659232338
4.6480707130063035,0.16662390089660092,0.6854828776348757
1.8655410779395942,-0.2451388673367533,0.6480006343649821
1.4226471161966547,-0.3210246569656359,-0.40189514513669333
2.970718940859312,-0.5889104012609699,-0.3752157427582575
2.0687609185305256,0.7840227942582119,0.27469365109594046
4.834310713815058,0.4275652539395422,0.5033488644967061
5.068635972783946,-0.2994724705875988,0.7524997831421094
6.589335128347984,-0.21580785793810986,-0.6832308252983831
1.4501916326905593,0.08419251206977343,0.22942351908287184
4.311916562156416,0.6682964674549112,-0.22207868028189348
5.716311829788196,-0.07237161286204505,-0.24924023054866232
4.0893242868167725,-0.5192450126855404,-0.46429562479550773
4.7401335374720555,-0.2744878256733592,-0.03787092292679503
2.730003603813138,0.1979993831658119,0.2052405990159673
7.9937542756178805,-0.6827462658601949,0.025294696150121115
7.634311107920601,0.6244763119807324,-0.31817927288950726
4.811174057108648,-0.47601157437201547,0.6866182342423539
2.2327675802455786,-0.8159727527693713,0.05368587806942255
3.0220700283546558,-0.48601818307811867,0.4775919734780235
2.6886863044334657,-0.013717772646038517,0.2872248038091845
6.001776858482479,0.4630058949045645,-0.49428648062279784
2.2029440714724005,0.596513067736308,0.3009189515924954
6.326730261218988,0.3799785468814119,-0.5811268574031585
6.287867405836687,0.37084554128836733,-0.38991169245730706
1.3604526344680656,-0.5488482564092049,-0.4341891160096456
5.221082758875628,-0.6242069117358912,-0.2667713724684522
3.9400329113050585,0.22873002904120784,0.6594955514048344
6.085929061541062,0.452953314616276,-0.3036065486833101
3.9182427410143523,-0.13511789625794818,0.676873380020884
1.2473674773552987,0.12629343366312926,0.25493694579865406
5.837705107081802,0.5653100411284339,0.4048300533003497
7.976536514493953,0.05732363826628791,0.06731674361353118
8.155544836341589,0.5166305283770805,-0.11437941770963293
2.8814548225713326,-0.6555242140796474,-0.5623617759501528
7.724933191208807,-0.17330638889478311,-0.5407423171722243
6.9886901112606115,-0.6483664814144712,0.1952724552163428
7.340734711326052,0.06492108902758516,-0.5542125217520337
5.791596210765811,0.07704598628607474,0.5569217812393156
3.558028594816701,0.1652953493994966,-0.8264101087280632
4.695985712065852,0.5867323889595877,0.5748440643523149
1.5005339806247144,0.7879038309238362,-0.2784862310075008
1.8523145859486698,-0.5249925558118208,0.48321729862775237
7.165936292446288,0.7548167759875941,-0.31821158094651375
4.661991752586169,0.26590951308318983,0.4611177075039532
1.3141023689948166,0.16439390826305017,0.0778877037666163
4.822867578356187,0.1370465918780961,0.8166863331736229
5.538568698285385,0.719841079021645,-0.05113759455956355
3.269214089736543,0.27990310811027624,0.12868147997279872
1.35500088165524,-0.7418268971937041,-0.1996017454224753
6.613671256045767,-0.2594763539858513,0.6695016497982886
3.8067159651367364,0.35249658106728277,-0.609502954647658
5.314529201650156,0.32347378556813056,-0.8051241105817448
6.826177135481446,0.009351824769419238,-0.2355025765696911
6.336402304667438,-0.07730264102984481,0.8510966249343319
3.243719692953954,-0.4537821955996031,0.46634136415927246
6.174925806709028,0.4671784380113041,-0.672575707829087
5.318482190782628,0.7022662816497283,0.48945653014794926
6.201562969014091,-0.5850882697648571,0.568004928503281
4.516699975105256,-0.14327995609985933,-0.4854995871807912
5.383149153417061,-0.5182823872205768,-0.19923043734051982
5.033132854643824,-0.1410128553706279,0.8091334201280382
4.8992187683757535,-0.49462284567819187,0.47768909133794013
6.262675511979273,0.6067742294868859,0.2715103373433074
1.2497110422131947,-0.6489442404679975,0.11336900861463162
2.1806701968923057,-0.13642852356773508,0.6369894763340361
3.918451061111148,0.6906108330078707,0.1318985814853414
7.982688254155306,-0.08306595994763469,-0.10414869687110548
8.395788454004055,0.15123125059636192,-0.26152092457049514
8.741897339370048,0.3483704229296704,-0.13819306930164588
3.9862920436231093,0.8444753917790735,0.026545747958314797
5.405543740156975,0.8400781673556901,0.052046479865265526
1.8157654086478945,-0.6287810143031953,0.2740127329705189
4.086909949292772,0.3078033280439519,0.024333341736021488
4.684381634344821,0.7986616017051269,-0.19855662880773672
3.156592211542902,-0.32572984700203345,-0.7795537835986882
2.0414931071557696,-0.302397152147361,0.7609385269786364
2.6008341918669355,0.6874659787842414,-0.19599658045760154
2.74628745214741,-0.1971096027266738,0.8192443067449295
5.95016219989386,-0.030600778795681047,0.0067816044061814185
2.1738342207622257,0.06591844858571846,-0.7008790457334753
4.6338484905617605,0.3212279308932824,-0.7925692287151038
4.166724475740746,0.2214882555834651,0.20882823267675196
6.200883435737185,-0.029916977039037233,0.0068269130722100335
5.81139409153049,-0.09443527079107394,0.22225829496744645
6.587880706963547,-0.6715297251850321,-0.28630274667921013
5.5252097324805804,-0.14359369752652143,-0.26031127502546153
7.181883138093026,-0.41181434623756424,-0.5649939322078545
3.388771759409276,0.4150578970227714,0.5490552802283485
5.162736991702713,0.13380854469539247,-7.333456252931608e-05
1.9108916695110272,-0.7156572395345394,0.43952739905290655
1.2504328835035987,-0.06426686331792508,-0.6565499862920752
4.635491433608229,-0.8071681940488278,-0.24919815435417697
1.2449002192818983,-0.6005997192907496,-0.2398844636052129
8.403713312180788,0.698688525996027,-0.4987099355872422
6.807738750336294,-0.5396022155722948,0.152133976237683
7.255983584637402,-0.19786406512626975,-0.8350161993327396
5.150658822637607,-0.07784363092983536,0.05624108919924466
8.164462669653304,0.15401030995861717,0.8298787499961127
4.301988325009679,-0.21299500888467948,-0.6633708369598372
4.314247318201325,0.7026957480868583,-0.014453369189716597
8.312332169789912,-0.4965641003951755,-0.2851527340775666
4.128561931694973,-0.15669740996316578,-0.542136318110253
4.088469406993192,-0.19143020627038168,0.8171619635222244
6.953555368485864,0.02174900790143744,-0.028254127621934466
1.365985298689766,-0.19217803941951841,-0.7322405351247938
7.331344801112696,-0.6358909089267387,-0.2847767682296575
1.5494453888552338,-0.6509539338704166,-0.4989523523831239
3.2096711485635616,0.5133030958838256,0.6458790924008285
8.188449992772833,-0.6835874696048535,-0.2242955166529412
5.445037867109408,0.4785104824584527,-0.33592389109368637
5.028807479170856,0.6504540924828297,-0.5269372720882419
5.053042934594101,-0.48051256891216326,-0.7079824555844105
4.864641418749193,0.6969538421050828,0.020381327909170126
3.744177024015367,0.26526208460079437,-0.7921566277424333
1.6642621154607122,0.8279935044562476,-0.176374186245968
6.77376865912235,-0.5688685361545377,-0.43148458001599155
4.523666750836963,0.42507664810323526,0.5326129073595621
8.327574639658067,0.04517640647614695,-0.09091250874332574
6.873648517979947,-0.6874883149337514,-0.17147182782689785
1.825388522269044,-0.053212121612580425,-0.6820174172704496
5.575193723403066,0.5731360688246214,-0.4500314241958019
1.8764870918745293,-0.6077540155330459,-0.26655612406618273
7.204336280425245,0.021568242654199973,-0.027413468216408166
7.292050101441713,-0.07567992721626218,0.17334977043667765
3.1556338247597515,0.8546946378509792,-0.004650113959918878
4.456281028899681,-0.5391331534511572,0.04069819458061386
5.634080642328862,-0.6311409414379671,0.5819591896750671
6.639724356250411,-0.17687916034755627,0.2401124803162692
3.730575513986832,0.696311524944819,0.024218204656674153
1.9596909855260236,-0.1312595361996107,-0.8182345662686499
2.0256114652719255,-0.709388894992607,-0.3974586081063878
3.922214924723474,-0.5948748819505315,-0.5745354406728324
6.784900175529671,0.43082271162290725,-0.3377811436403001
5.647892216836482,0.025173094823973403,0.7244075156709222
1.1451236481179248,-0.16948710754871735,-0.47934417477882374
7.9646263416402014,0.576351696813886,-0.5949678790995042
7.808111320078357,0.042404477769586627,-0.8585279550609168
1.3598117045865366,-0.7667528473470104,0.03153299258276898
6.356268784688506,-0.6556305705288197,0.28299619718402225
5.834750092857615,-0.2082741287917485,-0.10201886619537995
2.150595717500651,0.24294683032022216,-0.8288250385899257
7.932184530574389,0.5790358636710267,-0.38124905733930065
3.5456272510411435,0.8215079014312855,0.1560694859363007
2.6011675405903176,0.7212940057805365,0.010263817149870687
6.220801203773535,-0.24252216892679557,-0.6541640080581734
3.937942265703808,0.41987607226744744,0.5706265234708916
6.58933096334619,0.4856824691412645,-0.28721491021703704
5.409157168320084,0.05687312855560776,0.5643735306401676
6.5639984803310965,0.6821588550169335,0.19663084458240498
8.015380922892577,-0.3597870840054327,-0.7578106369480906
1.3858003059089374,-0.5187821631511718,0.24698447281644753
5.871098986221469,0.18514266619470812,-0.05163029659765757
6.592123592306902,-0.4817721233392481,0.7045882730700022
6.419504917166325,0.7979912144224608,0.24736825687160519
4.329595057762537,-0.2813459471297828,0.44277802179219233
3.051446285829739,-0.029042682870304037,0.050110511063803834
7.111189012596531,-0.15231896984072416,0.26533311486301486
7.833129811125121,0.42838769411092215,-0.5632363461155748
6.980515507909594,-0.6446959246753394,-0.5299126124645062
1.1984815815755028,-0.5252218830938796,-0.5873286944844945
5.237490505130994,-0.693924556835734,-0.47576724057045006
3.715339565241899,-0.039763943011891685,-0.0786454794606925
2.9696367128011683,0.7812840473573267,-0.30978292432111215
4.171422323125016,0.8500436009754481,-0.08097748744842731
1.5466931309239191,0.14281690535929573,0.824429376604367
8.488962767218842,-0.6137404193795065,-0.3569153589866201
7.65904059219476,-0.6161403307344179,-0.3502001576344745
6.704940265217886,0.5479980834475635,0.44649015481169047
6.9837180189669645,-0.5092968864318028,-0.6405558566076199
7.514382496555482,0.23804245531757195,-0.19974623600483207
6.619049718901042,-0.42286998350115856,-0.7439809856910439
8.888722342043767,0.245964583292983,-0.21269042992395237
7.544479121572639,0.8040240796793462,0.2756641687959266
8.178695492299294,-0.3556872912238979,-0.6140973794363939
5.266341276509369,-0.01997734408507098,0.7102109159394181
2.671804040195484,0.5109301420016084,-0.6877608548254461
2.4393058018343945,0.8419227729971679,0.06632441100584405
1.5496980091955237,-0.5891442986726426,0.34707936365370945
1.3070947010104876,-0.16241264633707833,-0.22551084384670034
5.34144316295195,0.2142005431971709,0.670707688099732
3.7984164964987936,0.8501760837160218,-0.08113462887035244
1.3088566072171133,0.7218257424716923,-0.15499744917943326
1.111278213659556,0.20649482985640596,0.10340113048239849
4.071463551982175,0.43302582194297157,0.7326165901737519
4.854311200048166,-0.5576814336471783,0.4002092489259863
6.444064539260489,0.5619629066063146,-0.44021163818663267
2.532271932252272,-0.2666276460140921,0.06660097352101724
6.373737226373625,-0.12314755949508724,-0.5417787807915327
5.8481895281233545,0.2358953138892183,0.6625400538476907
6.3239449442284235,-0.004860973900133146,-0.7048259423443681
7.0137264830491235,-0.8198916156415417,0.06926131866985366
7.800688000059308,0.43107186096806294,-0.34951752435537126
7.577837589518049,-0.8355545547751476,0.16325973423176587
6.183188259872522,0.6846220491949929,0.4542934280468752
5.196221573327689,-0.8148453539451755,-0.1482945625325947
1.8726383916952893,-0.4387064492555378,0.5562143860748593
2.090708382081166,-0.03512061210352433,-0.8229983743688933
5.0327469573223285,0.8390325606670803,0.05988680693011047
2.26043989168166,-0.054935170742795185,0.8245302922514037
6.858142813540841,0.40373427760495445,0.37379676937711437
2.427010416305058,0.5710760069527806,-0.42685535353284165
1.3105813262404509,-0.5801602681566395,0.4393601181660855
2.074617262461451,0.6606258866158361,-0.5168509097314407
7.8161827986691845,-0.6899270424681477,-0.0764203306848401
5.2171362072355265,-0.16860863514725882,-0.14002775983789234
5.213965258830955,0.40543359307202814,0.5817353895537376
6.227242186502958,0.19069509028965104,0.6837153033979275
8.184710341415936,0.15671381754718897,0.10890296250223806
1.1360892636957427,0.03535281396504673,0.36068294245845767
4.093081593643141,-0.3644123759555195,-0.6100335965046068
5.214155061756466,-0.10972398262415907,0.6935465987462581
8.803803939843863,-0.5641298145484289,0.37319479642288483
3.5548472560751856,-0.438217380379599,-0.7216216993644559
4.517615600444159,0.02022303610311206,0.03420846366113711
6.897788608735839,-0.11570860248411935,0.13943023905432222
6.171008921628334,-0.12423558333184147,-0.8172111696110088
7.7034195351714025,-0.2650250760478418,-0.11530502739877103
3.007525407616315,-0.05691623964778676,-0.16700842170049068
8.853174997326281,0.27427844077726193,0.24403682609791638
6.879622756450415,0.637062042152233,-0.2618896508014104
3.1575307827261825,-0.12734407448048674,-0.8437638618819837
2.99714990099457,0.18807771312217364,0.06283660782311984
2.7252360768859365,0.1615220254361864,-0.23145256987487026
6.256106314909042,0.18086600546504694,-0.03865905019206675
5.849757882622007,0.3007900301636092,-0.47592654374489474
2.558328745059328,-0.30386844920359396,0.7953030351738876
4.0381603293099255,-0.1542097658165787,0.23402393273945662
6.21569027762438,-0.7142377437345702,0.42122424112730217
4.448862696057809,0.5788574509481036,-0.6113983366421101
4.101217777884648,-0.24092460292512777,-0.15569519483078034
1.8991431744126923,-0.6755531987729216,0.08729904344888828
4.636309660046445,-0.7283217355351428,-0.4435384225367613
6.978667333017134,0.7127478485505571,-0.41571610862190334
5.501609165108072,0.5796515514588982,-0.6269465727401975
8.368009966308058,0.026996929298283116,-0.8663119751052059
8.466954565283533,-0.06055878697449157,-0.7156814235765468
1.7042413128498854,0.05332078286014189,0.8409974934829381
4.36560073460205,-0.717914482830263,-0.016495688568405886
4.087900223145059,0.17214511175462038,-0.6935530530864328
2.786309095454402,0.7431505989364743,0.3998813900710866
5.704485534194024,0.18402242242711694,0.8300257882792974
3.5500370938059316,0.4965026087925867,0.6778379817804134
5.198627271141235,0.13735007055649218,0.8165450733989825
6.970048534116974,-0.7480749529529019,0.39080426974413235
6.4829273946427906,0.5710959121993593,-0.6314268031324841
6.822568661631309,0.42816216320169104,-0.5623238103752897
4.260274913891804,-0.09100895855940501,-0.8383846572598456
3.863275292053938,-0.6645400315368,0.2205939930885684
7.181942034079679,0.6818302590911222,0.4581384120043508
6.832775122124806,-0.7111273497993653,0.02612283969119389
2.414897436602162,-0.6044851261621411,0.384693060901772
5.5022949392264735,0.7536053091641811,0.3889167388168316
8.76279153187887,0.6256979303136121,-0.038103555341051545
2.5188323660690184,0.28634843788665215,0.08155850769479439
6.059394271524326,0.7259818865277905,-0.05116001166735128
1.4744790295270371,-0.6505224036781102,0.5394550090033475
7.328212818189441,0.25980869766981585,-0.6615686097321939
6.17320227037475,0.288683074964312,-0.7761087163112064
1.5457465136982003,0.5611822105913085,-0.6017987049279042
3.5570594694858375,-0.041552553934421504,-0.8505301583873144
8.083991888965588,-0.7429133306531133,0.43620893279872447
7.091128857466179,-0.06067508321760975,0.5499790225312671
7.479516247295587,0.1759235870937516,0.8279693149618561
3.02006108566593,-0.1726661182514865,0.666465213549204
3.6985823142086454,0.07533926590242504,0.10189562840216992
4.994261016195345,-0.6451736056377738,0.5251767931796337
8.770479988653555,-0.1422515199582061,-0.6489601032068877
7.904058472613022,-0.2408846800804167,0.03895252112733097
3.920971807307754,0.7658644947551186,0.35872790003087646
7.730994103838597,-0.3638800004710022,-0.627815478839201
2.296459179487754,-0.13363945830632804,-0.6875529582093233
8.027574577011503,0.4676876875518154,0.30099815410701536
8.790325431354571,-0.46597912991299256,-0.4801752862763248
2.9532290227811457,0.16020415634469093,-0.15428232494117466
5.444710703746403,-0.5020962797436437,0.23378933799917362
6.66246251888646,-0.09837116382448169,-0.8463619615917514
4.449138948951888,-0.8251919836050285,-0.14416607858167274
8.805846711216034,-0.6294600688627243,-0.21344285961024867
4.0263168555183775,0.2600427425544738,-0.5108237563085369
2.048537482960236,-0.8093336378287438,0.16296160973247095
1.7413057897712303,-0.5576441558323821,0.6431787290121662
6.32500672488471,0.2014831838344198,-0.6846598658852777
2.245491839109814,0.49580106099829235,-0.4993267353006017
6.726292951755396,-0.8259256768406449,-0.23461456507651307
6.1455153501172965,-0.6664866109266825,-0.1729031287273953
7.850819135204493,0.22934170340856216,0.018617884137264014
3.366710750265228,-0.1404301307729709,0.655214604230453
5.83639936266711,-0.0010601051840904221,-0.7074789515258693
3.92997002775901,0.16350819075749537,-0.8268898881897054
5.9122652796323365,0.6555490208479229,-0.542574068448056
5.358287967869121,-0.7089208294298613,-0.08075362740466238
1.2564018617774808,0.2744772845425738,-0.2214730538519919
2.5579857173552405,0.27774463693450935,-0.13801572843174867
6.051937592725535,0.3013240279835665,-0.0758791173527591
5.916391486721517,0.8523871839888641,0.03444572625078554
4.266507986957847,-0.42070997487703327,-0.731268115354191
6.524531174486651,-0.18332576601017359,0.8275013443405439
2.9322517053992376,-0.30329076128212373,0.7955749532951093
5.6832163901217205,-0.09305904874608154,-0.8491549125060223
7.936862811566393,0.2528360205357564,-0.6656646009944288
7.328944338259689,0.43919069522940357,-0.5587208696792894
7.793073687306868,0.5611375174514999,0.4179008260453609
4.69217783079991,0.7225098505081514,0.414148038087443
6.29055400568903,-0.5700768550588509,-0.04864705077372493
7.89790673295167,-0.10049508186649408,0.21041796161196763
6.333538192573629,0.1388221988275497,0.8512010378295343
4.852115182551816,-0.6437821501172829,0.22303823994460975
3.795022385712936,0.5816172289270417,-0.6339223933791185
3.933240552907588,0.06301456923044337,0.26462460023382434
2.065782058691572,0.8406262038479977,0.07469497472153397
2.414096369757444,-0.17047401525914455,-0.5314896475640386
4.754535312408592,0.05206664176035114,0.1242411654213543
5.323817932287261,0.5665519877259995,0.6508952796876684
4.477379947810993,-0.1730538757296131,-0.06484018916530579
4.086848520577098,-0.034711359637891306,-0.7171501384102612
2.555454164249012,-0.7623994384256059,0.3942336677696575
5.327890110272864,-0.14142401635579344,0.8535805837770127
5.695981984494246,-0.2721086207871414,0.11345782436588508
1.3535410817697764,0.07428167543201203,0.7369066504376955
3.927534547859131,-0.5983933810819972,0.38028379768594955
7.296981724411761,-0.5242361284100963,0.6735267417366917
7.135679321871439,-0.4091296346795313,0.6045278897518844
8.3353832875662,-0.8422261464770547,-0.18851810676737352
7.9471659260791085,-0.5223440047430999,0.6687561156351236
2.048590420911465,-0.4959647340661455,0.6691522786885136
7.011229813288589,0.6157235358915132,0.3074161223533288
3.7885338056640796,0.2504197215478495,-0.04523391550345778
7.651721813056776,-0.055489891725577126,-0.7195639160570153
8.654274089072349,-0.2711483777996946,-0.7240606148367733
6.564711705451668,0.2749264317861354,0.1075524083857858
8.644266104667027,0.46844351464611084,0.5585676759742821
8.49918350343143,-0.8012312833945883,-0.29278791834012524
5.412366699660813,0.6832912745665136,-0.2532405570428371
8.681050407469243,-0.519057543350271,-0.29901071147276287
7.57696756869538,-0.7790828406971576,0.35788096387836216
3.8052910566973326,0.13531651263353278,-0.22577502336632022
6.343407751761458,0.3863755483509109,0.5893082284714524
2.080164362134681,0.25952594411928287,0.803284317804758
4.462842160918038,0.12848528533911563,-0.14920553957026683
7.159159854687909,0.33372125644697376,-0.7582270346938865
8.674119531773364,-0.4803917457479356,-0.6153617632764948
7.134260743884724,-0.21777727651798612,0.693641982892347
8.192559610103565,0.709443849486697,0.01594016673304316
6.881700126171106,0.006134755575089856,0.5506102174444087
1.2280139834539097,0.594374162512117,0.40635482301401965
1.9894947664591336,-0.30283111717804356,-0.7776017982244805
7.714960060336688,0.015374800550670677,0.7270240159031915
4.685694230209906,0.8334716690193509,0.008657439861574818
8.71375947226145,-0.7034204314446281,0.3512636750906721
6.385453812550441,0.19957758261847613,0.1822831117467411
8.32492833773809,-0.33381670267414687,-0.10350491675136884
1.7881666718891625,-0.09630305199348421,-0.16808037938250536
7.76503566263402,-0.8417686376024207,0.05988233901585756
7.304837757099948,-0.10040852584662843,-0.21985015315706025
1.354069140290599,0.4514589972303697,-0.5738330154438521
2.0201490632096624,-0.601883531588878,-0.567495487238945
3.3534065382078215,-0.5607511111132131,0.6131700723584579
4.620942427706526,0.08959551171035299,0.3027962080599993
1.9382733289818832,-0.19802463349819355,0.001383656641442077
8.691271143681831,-0.7626881539310489,-0.16816328515275797
5.54252255595447,0.7779168609326821,-0.3673480901449526
2.2412510460811186,-0.02377443783219383,-0.6961412369945726
6.561724972769707,0.6919346497024741,-0.21125833376195824
8.13990670024541,0.444783704671657,0.532910521886379
2.2639945835307995,0.6740403406423228,0.48867063973687225
6.648216707346891,-0.3165209208742449,-0.09794311784888475
2.439521874589291,0.7745409170859057,-0.3463312086957099
7.481563593787015,0.5807695996076765,-0.6291097378875286
3.300692529326825,-0.08917426835261022,0.13292303550223922
2.777686376335227,0.20011918971230444,-0.7024804118302019
2.487786552939852,0.5882092123587239,-0.6139104998998528
4.908159008660987,0.2331087387426034,0.026430502346695674
5.986694802193305,-0.017339603490127302,-0.8293718968858916
3.449546454956168,0.10042193977694142,0.1994150754472649
2.390364743264767,-0.3634338898045938,-0.6105817116313974
2.2727275529950766,-0.32659933285177734,-0.7666450222766822
2.082328679543608,0.4500053180681805,0.7152028408342002
2.376732295648277,-0.22030696902565533,-0.11049254601046332
4.2578287870532225,0.5175091769759245,0.6678423431924181
2.4155733680739737,-0.4707721768957987,0.5423901374196578
2.896892807960324,-0.6192446896110735,0.32326111787836154
6.252191319068515,-0.42649101970778547,-0.740538185234974
5.826428202451853,-0.7087246891534604,0.07040740988263415
1.1619710528925626,-0.20943799624871323,-0.067448343196876
3.7180396063642367,-0.164695205276453,0.8080768355596313
7.4856520053264095,-0.753024790768963,-0.3876511986741128
5.9606392775423735,-0.8328386289553451,0.0901519404795631
6.69056055619513,0.5289667805210652,0.6640836748233117
7.651364533299509,0.12041765167495852,0.7038852056816124
6.977585244451548,0.5920502411431431,-0.5840177966795365
1.669393746690704,0.7358076409434333,0.441465752372547
1.1619710528925626,-0.5230732724072634,-0.05125700460826832
1.1975959468748512,0.6729125879844065,0.16302956441264327
1.3492217827208006,-0.10012608326207659,0.7386130543702873
7.18747988791422,0.12229738818811459,0.6840076648223838
5.426990182337267,-0.5987268998491704,0.6138720078609304
5.987826370283433,0.18923489707147317,-0.8084355200451797
8.292774501348365,0.4297912924679372,-0.5766187005836197
4.458680703531588,-0.6634475234483062,0.2359423692636343
5.883370336691209,-0.7203298754558977,-0.011690332873849987
8.178855617462682,-0.5018885627782724,-0.5090840938267144
8.323998455045658,-0.39551049886271744,-0.7587860210084869
8.282853731677296,0.2585129095465729,-0.6732876723394365
2.6172370562672977,-0.12830508543120392,-0.5667441072876304
3.0237626661506143,0.42716098961125015,0.711941106149213
7.740469224060181,0.7520608908440255,0.3777630354421486
5.029540629002519,0.7688804355384485,-0.3540826229896047
8.058992962126476,0.32873188268946324,0.060204103025970894
8.853174997326281,0.45123124406464504,0.011075421736210206
2.7664427634038784,-0.281961595014728,0.002113294630752688
6.843763104518084,0.384702974678456,0.5913902893887355
1.111278213659556,0.39621566781018625,-0.12960626681754553
3.534780358714289,-0.754105985745628,0.3014683962964017
5.8375309307572385,0.2055143953775101,-0.6865425746851573
4.421420219368605,-0.15689051838673665,0.6589151441491666
7.602435192313772,-0.17646483920521766,-0.8393678207582903
5.010072973631573,-0.8327248994493041,-0.04290026371106567
6.2829436503636344,-0.17506963904827394,-0.16138636518762486
7.868372937369884,-0.43674621566885863,-0.7230437784694475
7.200651664204167,-0.8130065148473093,-0.20925045401669834
2.671212153439325,0.33347500661657065,-0.7960987167540914
5.685095233387402,0.07703140442545264,0.30605277419916815
1.7152985032460644,0.48611409766302843,-0.6739642124644372
3.7191884352761257,-0.7438808201329395,0.3315313288370959
4.545271202631615,-0.2694340779684159,0.7759503220398667
5.523081340249123,-0.5882428945001723,-0.4079975393197918
5.9480430284546015,-0.6990072989135132,-0.11349032106912176
4.902713102008958,-0.14879649229558858,0.1255089149998157
4.422606508284872,-0.06479162649360953,-0.24825419239670973
5.760246303771865,0.49333315610696754,-0.5242141315701528
5.3269219349934405,-0.5347554364266486,0.4534419060464127
8.451389376309251,0.47269611781465465,0.6758096152582623
2.361128781371572,0.11234815811109575,-0.23312504317001198
7.1996725595202475,-0.8280791540522885,-0.03591483109745345
1.7961147771342114,-0.20242181050799432,0.19891620524332532
8.07334340796536,0.8533437842709655,-0.08108872415027056
2.7516298975040314,-0.24805844352851764,-0.6836385482677532
8.77494732774831,0.5981691349771026,0.25418454474543584
2.710378413525036,-0.40856510334420004,-0.7531469037571092
3.5470821459968804,0.7664604584654748,0.35762051274061
7.8168630628912545,0.014002393798504362,-0.2689697796613628
7.887455907381669,0.7708754764639781,-0.3573093091916076
8.110937371143198,0.6611240165711808,0.25000744097018135
7.670616896303084,-0.1430409084891077,0.8509765904069957
2.4586072293774186,-0.1201502274198901,0.2522312276376937
8.212890780004216,-0.14377587765620747,-0.2020362906794591
3.1758888874337705,-0.7324676382533677,-0.3639222558033952
6.19006619774983,0.549521456655138,0.6212631190320558
7.538115540193084,0.8560390227836483,0.06913110929243818
5.697336979681542,-0.5137855609961322,0.6955936270604373
1.6618001878809783,0.8592822063127505,0.034498923814859146
6.800460882408866,-0.15130502162388976,0.6941153972116723
2.3392365330511753,-0.05260781570021992,-0.8505460963871241
5.007751993892826,0.4339296785778109,0.7042930930573655
5.4232960287916345,-0.6337376029353999,-0.5638046229410827
5.346756864161245,0.2186105782675682,0.16384777831561254
3.2112736335185197,-0.08124205660653802,0.823783406804303
2.449391039112279,0.26214101604252343,0.8020862036436641
7.790492521174734,-0.7928250467217068,-0.2776764276850917
1.5559930712414598,-0.16932372219389322,-0.8144410851415714
2.6604337298658987,-0.788721856229848,-0.34953911790145425
2.784952463731627,0.8208646421450276,-0.21033340305614995
6.015719897855733,0.2669983487439725,0.7838681046287599
5.525543448959055,0.3080377869504752,0.035837997811556
3.212229488872992,0.13071046799652536,0.8239752053327991
1.373921052942297,0.14471429155993096,-0.7120843015898717
1.6082750927578808,-0.7798089823953612,0.3033894640788635
2.6561097573436285,-0.003906534923684139,-0.727809602797315
6.881457100186068,0.2406146351543125,0.014175342253755815
6.8511422224197895,0.19047578125402975,0.6839869942057231
7.159891374758157,0.5131032540065614,-0.655379294640982
3.925972231549842,-0.44004224522051083,-0.7202734123819314
6.394143844641028,-0.7055419010130108,-0.1668038311606202
1.222841336919819,-0.42743907707655215,0.47937299059737964
7.1911542153085515,0.5457941929024936,0.6248376344292822
5.321939128311191,-0.12156944781504395,0.2362444883468096
7.439460938403322,0.04188399420787256,-0.30530492505466694
3.7834476910813186,-0.6777341696781368,0.4912211334344771
1.2980603165883056,-0.3130579634659315,0.2062062063339798
1.111278213659556,0.4909704143349172,0.28981231827164683
2.4495796936932503,0.4529564456182902,0.7136085607209912
6.058621410603397,0.6864299645873133,-0.25489415192614717
5.367515529254217,-0.7001223146220117,0.12571841289696684
4.073554197583426,0.24187977871673202,0.8214856181076946
2.0583593276645473,-0.7556979758760178,0.3584655239440396
6.96476895137833,-0.28785925403773177,0.7949675248639853
4.1770602954661795,-0.7006947514410014,-0.12023778595027504
5.745070444643047,0.24983602465669952,0.14776410769418435
7.8234551527059955,0.2296399115812909,-0.8346413427843463
1.0863177332152953,0.795863072211667,0.15855579963531458
5.68155711514537,-0.837149408101234,0.1629673370282363
7.267219698653397,-0.3904967736627038,-0.7702526088067363
1.268611817556623,0.24446588722409748,-0.5727495492955813
6.069606838076959,-0.7611198777467033,0.3359833138281183
6.732281733303733,0.7602192685131235,0.37915196756066616
4.260598509816018,-0.8079722522157669,-0.24790817596354192
1.1451236481179248,-0.05572128964963798,-0.3573186614324163
6.416458548684007,0.7682150871675242,-0.3642550617315539
8.659202330697322,0.0024070595069149853,-0.6128494558232944
8.12136434910766,0.32179196371149144,-0.7650969377487379
5.0102298980138205,0.24269662870295367,0.7932653916033601
7.01344140339641,0.26642897335195986,0.784305569606869
4.446522059527059,0.43170969189614644,0.7334316893307383
6.417723241908378,0.8475824060090431,0.0433829989443512
8.65849025316309,0.6163001894751174,0.4036447069995746
5.843039905142261,0.42990991352556174,0.5702053167560097
6.629040875043492,-0.8600224300076875,-0.10928962971263133
7.293111774332765,0.07088073596946376,0.8511081251834353
4.368000409233958,-0.842228852827412,0.17874848611461452
7.7937438709739,0.1563587991355416,0.8288060282470385
2.3252268670412546,-0.4978233634270576,-0.5099685378649819
5.398450535103326,-0.07111895276175309,-0.7186551824578599
2.8946888420259755,-0.16236875020573904,0.18672474517910653
6.249105189069294,-0.8019516568808425,-0.2910599091142906
8.13128511877873,0.49307034663285565,-0.6684279659929211
5.692576325025767,-0.15736291889849188,0.8468074009701727
8.324158580209044,-0.541711770417092,-0.6537727353988073
1.2242217827208006,-0.17992621309909512,0.6204618419925585
4.384022715742093,0.05775190605311391,0.21276350629978213
7.942607139582716,-0.8345878609944679,0.16159736585081877
4.355476984691029,-0.5292289257915729,0.4458118290565947
3.022787562182767,-0.769139557546449,0.2958876124909955
6.626413092897799,-0.7073058980614312,-0.4946273172656068
3.024608215004733,0.23614688444622006,0.8006537488393396
1.1619710528925626,-0.3702077546559908,0.020295272486753103
6.56221680507315,0.7317500466035158,-0.007354413344849012
2.0687934077495846,0.7757836730765277,-0.3425733574333749
4.262516618140815,0.5017333562434969,-0.6842412225449139
5.852389016361515,-0.8543899123478985,-0.1330890454116204
6.01057027487464,0.461012948380316,0.6915333675370788
4.138681647161888,0.48890303828400034,-0.5356256248927309
6.761592580350227,-0.2993917383027872,0.07975620030030145
4.666101414950191,-0.7605102978912174,0.31796601222272586
5.69011873809238,0.7062555780519381,0.48144169283513255
2.8140438133097367,-0.19347198819835057,-0.21023468462431966
7.26254335353361,-0.5572692722104432,-0.43528174116556917
2.262012312980538,0.15670459959282873,0.8254076601371236
2.1699766323857808,-0.5428675010347617,-0.6301368892049999
8.788642173005789,0.4603689938290098,-0.515260467344774
6.75407886718165,0.2282174520222943,-0.1930731066940008
4.169091567080106,0.8156443203435011,-0.28860279854060417
7.123913587583579,-0.7026113784361376,-0.4517851858186946
8.29111022764911,0.5740947560988556,0.6038063241069853
7.658045234766613,-0.10849667840467558,-0.29914146585217394
4.601334721694073,-0.43305234333391096,0.7149716521557732
3.9289183251910496,-0.04334828063501632,-0.8504869735135339
7.784687011861372,0.5405820237482659,0.6487404720756506
1.1167357697943538,0.6748933946882782,0.5137630748556493
1.314331716669205,0.7117141064782784,0.3508606604955668
8.722286921427393,0.4620781767825594,-0.6575950769520759
3.7966356998956985,0.8159381574916694,-0.28801913337219365
7.685018867579501,-0.09001650901232472,0.29077673582214303
8.765928672367881,-0.40565753550642625,-0.1380799984905707
2.2388832296822594,-0.5729156971696348,0.6079220823846339
4.249434749767999,0.2523292277496042,-0.1551453878723523
8.331354909687406,-0.8736070476175535,0.016502261965342616
3.018779538553172,-0.8271994614494984,0.1219720095070242
2.557843062863328,-0.49496436515258435,0.7064934533370539
4.204755992484888,-0.6419175967700803,0.5470314990147158
8.717643382865717,0.263845403186457,-0.7592261272697302
4.1588228019575375,-0.07917436817245337,-0.30457325694478643
6.558509654998168,0.2830772095406515,-0.14250687327073774
2.306267975744608,0.5129342664042357,-0.6863818816676127
6.665862304830129,0.492154926313093,-0.7029727418978781
1.543993636042408,-0.7709202885281496,-0.31666045144136445
4.668297432446541,-0.6744095814211127,0.4951370212041024
8.78399863444411,0.14765197822636184,-0.6769774830327125
7.006062285494704,0.4606561667763861,0.6917088647898814
2.1383073174707263,-0.3923604507950209,-0.7351554917317997
5.427656190941676,0.05685854669498567,0.3135045236000202
4.504363595634172,0.7722020743844268,0.3198662164159513
5.463966063720674,-0.2790699400806444,0.11999226834439625
6.711320800849751,-0.075154433648212,0.8521150917539275
4.447020108063384,0.013824867190105145,-0.8492744107320547
4.501653455605827,0.8279273863028919,0.11726926922926671
6.724099805141829,0.8210266693901962,-0.23459792243662772
6.42736738367947,-0.8622611061407899,-0.08182047306012595
5.913616636016732,0.7749634247811226,-0.3732957015472487
8.46202632365856,-0.2490907686214427,-0.804002654561888
2.485323724746012,-0.7687813858481826,-0.3857900239927193
8.550846605464688,-0.7415612142090167,0.4421873919309333
5.239882343291603,-0.19168517425087472,-0.8288983393876108
7.621117017241039,-0.44017775440713,0.5757115067370916
1.7356304158944742,0.30994309777415413,-0.7832971754079189
1.2287974048243722,0.18431497895205082,-0.8478149040050695
5.533404044032722,0.272473627663652,-0.1951778457734481
8.41400691392959,0.579078508904278,-0.6456042696404242
5.503877437934702,-0.8485436087628939,0.09958524457595705
2.971560786129884,0.7934239273261656,0.30451196779390827
2.790502598580363,-0.12365989302099788,-0.8447040437774376
6.47899210993354,0.007138835487672315,-0.8584243017380856
8.482031891522963,-0.6045354081240581,-0.59029051739193
5.4985327834384465,0.013797625352478124,-0.861012144865042
8.684563862300898,0.7485664856352268,0.11942812539361204
2.2382072982104466,-0.7066286464359771,0.45022500586674824
4.278276514556159,-0.16598913487652112,0.2209915540737303
8.890724976114672,-0.7207575365093326,0.09337573162206228
5.753071479176522,0.17455608808646236,-0.2609977910503055
1.6953107727289487,-0.16364551451181342,0.8355414502823497
6.379392201556748,0.1680125830895782,-0.24552222506926819
6.664322862497613,-0.6393854069704608,0.34757687952536426
7.9374973085813085,0.8034847040452747,0.27021130891547235
8.913078963729191,-0.631773911924906,0.49604506828847594
1.213132519025058,-0.0506255215957641,0.8754922185549836
7.693472336336171,-0.5083365130950178,-0.5237519266632656
6.114516221928848,-0.8201606192767866,0.16798809456367153
5.187441159780208,-0.7045962617959002,0.44908352567835735
3.5290038596160644,-0.27087636383190294,0.784407482109811
5.009443031092455,-0.8225181195859811,0.16681339705215198
7.773163073627141,0.22867438882869523,-0.20342763389721252
8.853174997326281,0.4351887608369192,0.20079016056766713
6.267127479380441,-0.7141178908433901,0.11565752712835421
8.875203696253209,-0.27008287211649123,-0.19014009400996068
2.9741220689051637,0.1861224374052192,-0.8296638831443444
5.68666174547687,0.4998486387412444,-0.7011292801145484
7.473585736400701,0.22724452222647368,-0.8342267494144918
1.1234881694386982,0.2840665746162173,-0.7084801517107793
6.759742189907464,0.21017630407654994,0.2155697758199833
2.2643652849704363,0.5379994031174931,0.6488485402438929
5.217957531151471,0.8439756464339716,-0.05030737984280037
6.40581878098687,-0.04143396738579348,-0.30610340996546076
3.111748978954722,-0.8129505531619119,-0.1931537784618473
6.397271302170341,-0.3194932368269783,-0.04292907471160469
1.3097170176984325,0.7518310406679638,0.0647670714359646
6.917395098823515,0.8073967600705387,0.2828887678110715
7.055578983588184,-0.7811799415709488,-0.3016689717674829
7.597899681856889,-0.3451326643165871,-0.7981994610903159
5.42394138837316,-0.48173999598723266,-0.7071683958253289
2.495746424397197,0.03495617785448337,-0.855548281251524
4.503365665359554,-0.5683917624140218,0.6009702815294754
8.890724976114672,-0.48827956105893167,0.20834231631356606
6.775920384636023,0.006803975471111577,0.2997865190702899
6.966187529365044,-0.479211612199277,0.7058534317235227
6.782569355288485,-0.6984712815319889,0.4852372854999738
3.7360263395983804,0.5818772859712127,0.6124465087677949
4.452109345705565,-0.5139158844826308,-0.6761283144458072
8.82892104082195,0.26403919545288373,-0.8760735690234722
2.7852858124550095,0.8546926691413226,-0.004073005448677738
5.411632074776429,-0.2864575327497279,-0.106555466693668
1.5544780518446366,-0.8272554537529034,0.12145855720973897
8.895276292400345,0.14784577049278863,-0.7938249247864546
8.800546167567159,-0.8583403455054657,-0.2759804217305897
6.261836775769806,-0.7238489951472944,-0.46612420144594446
4.448582109792664,0.2408425231444666,0.821970474505884
8.823034496146779,-0.7710645288211051,0.4741139469562632
2.4440539404935953,-0.09559374141873345,-0.29405440239719294
5.516847853851658,0.28967245925197455,0.8066048467090345
5.204819192173668,-0.7958400592740028,0.2678911385322521
4.055526023212981,0.13070931295267452,-0.2968577804668988
6.508285935639928,0.4426930945920718,0.732171045122118
6.233726625243468,0.8501262937610914,-0.06150857898626942
7.830851169867457,-0.5812027282928741,-0.618980226293512
6.23295376432254,0.8105743718206142,-0.2652427192450653
4.261025026535695,-0.7286436395930111,-0.4420255744402799
6.696702714588675,-0.8694824388511655,0.060053092768498885
1.6524499421113035,-0.009538845581648334,-0.8476016140290445
8.399442605696844,0.20956735238681135,-0.8439042917138951
4.262111489301281,0.32320211380344954,-0.7917894344926246
3.1852257539147297,-0.8260027762135689,-0.02589298478286202
1.1744920625447082,-0.7364056729637412,0.46825546903357074
8.763926038296976,-0.003113544961327909,-0.39576155804013546
1.7083399387044564,-0.8105281616358606,-0.2146517911287886
5.216063798696748,0.8086335886195637,-0.25706274109320404
8.875203696253209,-0.25972916072599256,-0.4780007913094786
8.915121735101362,-0.7251122604371412,-0.3212599961880803
8.779070392819138,-0.27075583081179566,-0.8689254364163401
8.407384996247837,0.8326846140961193,-0.004145824123397132
2.9301688919924036,-0.49487642233426843,0.7061829682856843
4.275866917375663,-0.08592307516036131,0.840516325388743
7.756459491968462,-0.5987269111315718,0.6077104040870546
1.1975783935575572,0.830353068845793,-0.27825660578122646
7.934248757399619,-0.7818333329100263,0.3556888559876763
8.805315255836808,0.7221675220188462,0.5040577137622492
1.203053503009649,0.7922333386544396,0.45826891233719635
3.734551155139176,0.7165177437262562,0.4525985500065185
5.68347243379171,-0.757854163482232,-0.4027252823206428
8.899919830962023,0.566514534583746,-0.5765001417847784
1.1984388040388765,0.8747815248952242,0.060293306658635915
8.80953636551461,0.7983035844721865,-0.34008946362458187
4.301758766852743,-0.28955774354116226,0.028781186655112236
1.111278213659556,0.37525856303565336,0.03720541686702048
7.416850557747324,-0.6744031540526675,-0.5381561716100245
8.895276292400345,-0.14185897297030717,-0.7938249247864544
5.239018667433527,-0.3894818749735523,-0.7624002591076013
1.105309235385674,-0.14432400806958412,-0.792280588707273
4.4478049809049,0.22117946816044798,-0.8262762732886622
8.833564579383626,0.5682237175372955,-0.7188347513920803
1.7140135315753886,-0.8419373767073081,-0.00766752048292944
1.2208616505718413,-0.2722351841711774,-0.8679711375399917
1.1984815815755028,-0.5843521947977067,-0.7016662834953467
7.295120662325608,-0.1416266885423084,0.8516416774346024
2.2516300212039013,0.8479775865070762,-0.03812981607132242
5.730928482491519,0.8554001894154926,-0.068245143079258
2.9706627493712667,0.8490966421916736,0.10265845681843665
7.972092376002226,-0.7542633689732552,-0.38098176958284663
7.483559380402523,-0.4399835312770759,0.7385382478495761
1.088132519025058,-0.13042565143278265,0.7573410061772547
2.9732569386927916,-0.020500008021563366,-0.8541736152165463
1.1978406516939737,-0.9082387091840837,0.06896807701911017
2.313500710602006,0.3414944918852658,-0.7941497063455685
8.798915835520155,-0.585950947248346,-0.7046188175423238
2.7216743033967274,-0.7053586105444429,-0.4988688504783912
8.921772330422028,0.7040364675208313,0.35459755150811034
5.494649876549605,-0.8573421235707436,-0.10688679572567217
7.661790089863869,0.5007762305499729,-0.700764120286546
3.726959897767158,-0.5521475368205215,0.6224955376697293
8.915121735101362,-0.571538331413403,-0.5694323405421539
2.647194627003449,-0.05342481159079283,-0.3293088621207847
3.742156196116543,-0.1484422901256354,-0.839873762725513
3.5430918412321843,-0.47467258117108874,0.6792076955013644
5.69545353615284,0.570855450449066,0.6468169562907926
1.087739989320632,-0.7904301023050706,0.15080409305097284
6.780331796656716,-0.5649531491388319,0.6400879273429232
6.664712337111445,0.313037370382951,-0.8062711555622697
8.776149408580471,-0.8046154032685623,0.003254111836145327
4.008947962501089,-0.8565062164545505,-0.03689527887174613
1.5709605492396113,-0.5321460356065056,0.6700397082794165
8.80068050853226,-0.7828974351364891,0.19689787898806446
8.890724976114672,-0.5160600610188795,-0.05251214662805653
8.888722342043767,0.2591428214716665,-0.5060181711353036
7.975867142616125,0.259053161082905,0.8067399397745335
8.888722342043767,0.17159216010500605,-0.37691369185113144
7.713586566674953,0.8176062472632994,-0.25350430428684767
4.4503836921097815,-0.6670169124685881,-0.5326237452409951
8.29968914814966,0.7161526711821111,0.42682653791127395
1.1930298287626773,-0.8688896011776175,-0.2809520528105988
8.500266054443673,0.8308228177254087,0.14700177229031053
6.480053890589828,0.21348299322222525,-0.8382582252789951
6.9114866782230004,0.8584283662620709,0.07702805615814082
2.2521794426821797,0.8144237575921092,-0.24452503816540416
7.978019280553538,-0.6504448681838226,-0.5487337991624759
3.740882553889171,-0.34672134404926613,-0.7751753819859499
5.499338300581115,0.22128217978460013,-0.8390633083730034
6.706774108838335,0.13905912903537895,0.8510874545667746
7.512492256006761,-0.5883700219602859,-0.6383583697872027
7.97313617588195,0.4499479218662595,0.7181685317446855
2.552253945795625,-0.4817716197923355,-0.7153445268443455
1.585930338998308,0.17658799207058254,-0.8209353793100633
1.2174518180740337,0.1237822370983245,0.8737858146223918
7.924187070503563,0.856368511975874,0.05335700598212096
1.0854573227339759,0.6810352696635947,-0.354642642024884
5.728926492707664,0.8175283521482282,-0.27225243061849635
6.724591637445272,0.8608420662912379,-0.030694002019518496
5.375560304937044,-0.46543261686463705,0.7342796280531405
5.685153475354519,0.3210000062476409,-0.8062696991732716
1.0829291663893355,-0.5630913715524851,-0.5596571007363249
1.310973855944877,-0.38228178939117363,0.6651826414687232
1.0867520732240763,-0.5836844818836537,0.508268341464865
7.755807259628254,-0.7325423954399891,0.4485950587993114
8.909616534552589,0.7595733570552805,-0.16835795702179993
1.1451236481179248,0.14925055024532077,-0.3951897206513775
3.981220518296114,0.6583945775237902,-0.5611074418786801
6.434841932221664,-0.5141785358391258,-0.688903118360994
5.512965478791566,0.48249088763758013,0.7157307518122107
8.875203696253209,-0.17723291077333606,-0.34889631202530663
1.5035471624970722,0.7823266751970792,0.35911955185200556
1.0829291663893355,-0.727662423274663,-0.32123477099333636
6.382000477020859,-0.8695006639424567,0.09457373706837915
2.494427401041092,0.23931430245471635,-0.8300161865064537
1.1360892636957427,-0.2861667366155096,0.34535590832876134
7.654543752547805,0.32663315072835786,-0.8030333917606047
8.474192445305864,0.7626107077269166,0.3439068600878435
4.012711183002542,-0.8551007299758482,0.1503677312738223
6.517120370381428,0.2470126365308119,0.8265781200485933
7.483116896303084,-0.24872644957083323,0.8275390904070242
4.12318249269103,-0.7575109765588495,0.4206829519854547
4.261979482920078,0.13549596499800515,0.8452501563015065
5.679902155640133,-0.8363149503435188,-0.2200913486623806
8.4416516236063,-0.813409018552644,0.32578038039541174
1.1360892636957427,-0.12181169813602583,0.43638120364704697
1.208945492172674,0.5970114331107989,-0.6539558505453124
8.824946444704134,-0.4632659143417282,0.7541527474175446
8.91186748097494,-0.29347334728300895,0.733519050720979
8.686104940998058,-0.8667553018957188,0.10677625920214752
2.4452476037658553,-0.6717170252819912,-0.5461399649415848
1.4989324635262997,0.8491978309766106,0.15215139966872418
1.111278213659556,0.5132785620459168,0.13960776833742433
8.907548181925966,0.3052110265149825,0.729354131248119
3.9821804909751046,0.7758381849227742,-0.3879640676357033
1.495195364978083,-0.41662661239965626,0.755754468313498
6.527520463185688,-0.8005556253264576,0.3341821392782572
5.515390110272865,-0.24710955743757998,0.8301430837770127
2.742005989402072,-0.7135133037344881,0.48648003084916014
7.72079540460288,0.8569596418789268,-0.04562432699469117
7.443521612353418,-0.4499185675432011,-0.740742615941629
1.1234881694386982,0.44984723917641617,-0.7564991067953283
2.5742891955501683,-0.626831903779243,-0.5971110945283971
1.5334432917540066,-0.2485571507067482,0.8206797373363706
1.0924518180740337,0.359621494345649,0.7302163060630478
6.445407817275793,-0.6632154121558617,-0.5501926940786708
5.527557186796923,-0.4126585427294527,0.7674757650390696
8.791091107340744,0.48474567372736777,0.7383285024674701
2.743718956544576,-0.5797911797278089,0.6410427398986708
8.890724976114672,-0.5654302793279744,0.08288904761535112
1.1121210708235814,0.8715371773640344,-0.10793023761089882
8.561471795402387,0.49665929773002265,-0.7151294332858796
8.48998892286886,-0.8591261025474851,0.14473504376923357
8.55682825684071,0.29842652413392023,-0.8167604836035339
6.534863943488237,-0.8591275229800919,0.17266948906788093
8.883794100418793,-0.4395298941332354,-0.8060710449737643
8.88354292541478,0.6009955177016282,0.64691280602883
4.18322319059954,-0.823603634959448,0.2622693988783138
1.1167357697943538,0.6223533541619926,0.6711397092994997
8.885424432465799,-0.900267594842979,-0.10456302474168636
8.899919830962023,0.7152451395954412,-0.5031527035590482
8.895276292400345,0.002993398761240703,-0.8745617191566033
1.2091875878683873,0.5061035101877324,0.7625554057381396
1.1155524151861673,-0.43658574010579676,-0.8051029150375923
8.78686748097494,-0.08381928396886772,0.8990045565238935
1.1101006623733418,-0.9094714489383315,-0.11151905993250066
8.782548181925966,0.09058847472522064,0.8972981525913017
1.088132519025058,-0.28089255904289523,0.8383510810895943
8.913078963729191,-0.5841002446202077,0.6610306470463128
1.105309235385674,-0.0014301086255797024,-0.8745755502164267
1.087739989320632,-0.8165134297953465,0.313314908120274
1.0829291663893355,-0.7137804488517239,-0.4878678296495994
8.915121735101362,-0.7202689364250983,-0.4960849023164236
1.1748845922491342,-0.44896202073580327,0.7734258120667219
1.0854573227339759,0.7048493222764115,-0.5266322641607906
1.0924518180740337,0.23996303010926676,0.8451498210356941
1.0867520732240763,-0.5697963510142826,0.6803037116954902
8.909616534552589,0.8932663335732485,-0.059201020370027224
8.91186748097494,-0.2000000769798099,0.870368562937196
8.831388864974617,0.8968650702300549,0.10795911553732823
1.0863177332152953,0.8596424267376992,0.3157100512249722
8.909955532417587,-0.8505415325129662,0.3197481508536556
8.921772330422028,0.8537719272665252,0.2740397493284261
8.907548181925966,0.20676926773616286,0.8686621590046042
8.933644748421605,0.42682646125184165,-0.8132191775808966
5.954995026748187,-0.4453385695602823,0.5274528338540246
5.873380276794385,-0.45640790806622095,0.7336471983849968
5.880786698662668,-0.26553425126045344,0.8221936535567891
5.961990692591998,-0.10797581871656557,0.6781454191251824
5.682422821717371,-0.29044868552347014,-0.7823596385626816
5.521111299821946,-0.2691585156641835,-0.6519283360551245
3.346753707697867,-0.6355452854248076,0.06884580063668429
3.497925625317223,-0.7885207482589174,0.08080297956548005
5.302148527103494,0.1433948243176137,-0.21689257841602927
5.330713864939678,-0.025744799924052354,-0.29378356816968587
1.9746941965117397,0.22724680105039516,-0.6884250395668605
1.997932699773314,0.05021841931589149,-0.56047904671041
5.558741725871283,-0.31511714481484576,-0.44130679051704713
5.749843823178898,-0.24389506015036938,-0.43023574604024795
6.035693515934156,-0.33301582586246997,-0.5995294613897155
6.067083631229138,-0.5169846766434598,-0.6859036385665163
8.586437200065658,-0.24727025817847986,-0.066878495437542
8.765928672367881,-0.2937004992068826,-0.09195141260482084
8.71123350381245,-0.18546317023791142,0.09761928130473857
8.890724976114672,-0.23189341126631424,0.07254636413745974
4.255760299496528,0.652515794747557,0.5081346111346783
4.396771984677644,0.5606553637079064,0.3726384689376985
8.480405146148827,0.6475674608709627,-0.1809879620579517
8.527149979784568,0.7489149992986207,-0.3709421701457629
2.777872065910601,-0.6744633888885873,0.12280830746519607
2.7391483346977,-0.5297094666602599,-0.03635017377955247
2.837993776726762,-0.8326848921988328,0.01681891272689868
7.7456745331415995,-0.24892067270088733,0.6647123492945397
7.790017697175203,-0.09050496366110897,0.5407597747907354
8.173488316221164,-0.06355822730651711,0.8239897074592387
8.243996843918941,-0.10997794762126957,0.6187101106836372
5.246541564088058,0.6195225070199997,0.300918780730538
5.200779937418659,0.40985821000304756,0.32574448680976553
8.096256825304872,-0.6172394867946042,0.5901608471584286
8.173802215949616,-0.4691689029243318,0.4778031755982904
6.847786795930514,0.21126313433016697,-0.8388287984871288
6.943802038145399,0.24841323317355324,-0.665682710720831
8.231753728027229,-0.6865248955650255,0.2982967728313855
8.248378273854202,-0.492396596703498,0.2749242214248671
5.248001816313681,0.4854264534558841,-0.5126007242426905
5.315291796054761,0.5029945247488252,-0.6981477940076622
8.043821082771395,0.8072041433746968,-0.28387506203184254
8.088549705964114,0.6153645305817455,-0.3078148101795356
3.242437646071979,-0.5889199666244773,0.3053190189666275
3.352124491325846,-0.6958888821380873,0.452147727165813
2.892194182454184,-0.5037909908663122,-0.6984063969129224
2.93344566643318,-0.3432843310506299,-0.6288980414235662
7.436821008794308,-0.08861803389539757,-0.8466745661356067
7.486107629537311,0.032356913584242974,-0.7268706614343317
2.888412175279112,-0.8215439336390953,-0.15713337054506954
2.7915663139601357,-0.6665521115439784,-0.23098447284590387
9.467295271461124,0.10724529602554549,-0.8254227736910249
9.51085914834593,0.21171513683522286,-0.6435340968821868
9.669680526972208,0.10387284563777827,-0.5468303429504953
9.799286451293433,0.2419244685011612,-0.6082839567521662
9.54261374699397,-0.04890207978901844,-0.8451677448732293
9.708971435005353,0.7281336136352835,0.06224019606959116
9.706999827933826,-0.05173219086067001,-0.7240238870179957
9.564035912284588,0.40812772604784386,-0.7442888216851206
9.543992072293237,0.8490789633466548,0.05188559153366246
9.722857290910866,0.38361876818373264,-0.6854116118459384
9.662336858527883,0.32873352997464533,0.5568281929373088
9.706852284630903,0.6243121474546048,0.4901578901647679
9.715779985762854,0.28737183481313605,0.7359555501439162
9.67144961488841,0.5902774645833956,-0.054829449560042265
9.668511858184186,-0.3422416121680676,0.5470584782373037
9.712069960616967,-0.6292514419406823,0.4806684110394139
9.63937071958297,-0.3158164914345968,-0.06875500447057098
9.27300047110552,-0.5200703273536689,0.0007562204393585722
9.506470252176292,0.7112228142947669,-0.06518405409597096
9.265174838263187,-0.40654024195735033,-0.22428364610572915
9.365942120101176,0.053964265951491446,-0.20521893940046912
9.502813755872138,0.3372277599464136,0.6226861456498545
9.631545086740637,-0.2584261526039744,-0.22707488534214865
9.212787762348603,-0.6963593127003558,0.08651334182081592
9.716282281594747,-0.3007976528406232,0.7337567889380155
9.790234859505295,0.49959110327766704,0.5182122341511852
9.727629290501113,-0.5743187920920199,-0.5732969325669309
9.33566158314596,0.29493077936651935,0.5267562234975429
9.357568524933015,-0.6769926014623153,-0.029560398544560683
9.144780762584412,-0.5224459409995424,-0.1313733741551653
9.236764324156225,-0.1461856472729927,-0.11747614972279669
9.244589956998558,-0.19946315551583316,0.14036505581630754
9.505272367202037,-0.3638274304371287,0.6073102366203313
9.55625688310711,0.2958660647849043,0.8018135028564618
9.46727007350954,-0.5348660533273746,0.6636713816095474
9.464842899295869,0.5169156510258893,0.6787840620212104
9.796409859161598,-0.5047173721983793,0.5084425194511799
9.249571871623726,0.050054456644277344,-0.3453112691459671
9.297690726569689,0.47461867044599504,0.5828541398688989
9.296306884718046,-0.6831233675129318,0.38111304123548034
9.128219708521108,-0.2968462351262462,0.2525319458128189
9.77300047110552,-0.4485664233159681,-0.06973860225784259
9.296775233215447,-0.7576660734381326,0.19213347120000754
9.745184685801703,0.2511449081704449,0.41333622184502145
9.8328485279167,-0.6066077383110567,-0.6903783151536568
9.833769597851788,0.6922364788322886,0.605344245706046
9.54616966594706,-0.6378143048006164,0.5756455148147537
9.366691956021146,-0.11080410080903295,0.24266686187864495
9.682363264724366,-0.421169678546433,-0.5396174271770262
9.728324390063934,-0.7636691804418225,-0.06017113764271421
9.299079922869051,-0.4857305797928663,0.5714861779487324
9.129177795944951,0.3068076495475328,-0.44822546215308545
9.212319413851201,-0.5446658885061124,0.40094618055450365
9.250321707543698,-0.208187180419446,0.3548337518751563
9.316690090635724,0.7033115623725675,-0.2512580336551599
9.245184685801703,0.20468884094219772,0.3608587480836651
9.337082216561548,-0.3146919569026204,0.5151250329595163
9.810440864039935,-0.6023551521532363,-0.4485878709648115
9.689713490957738,-0.6306546075481188,0.04207443482083176
9.245396103453439,-0.6611734345309812,-0.2452115306303546
9.458934327185403,0.8356862007480206,0.19362302107293142
9.291345216281943,0.6146833707512156,0.4437424643341073
9.329964157280934,-0.7964614279762373,-0.17685789696921222
9.540983427077222,0.6331424652310589,0.5848717653222475
9.833850252095859,-0.6939195088766471,0.6043382783294688
9.120394075678774,-0.26457969858675234,-0.19748251409801032
9.308309379478633,0.4856929329647798,-0.6232076624565336
9.361554934279155,0.11015689147059211,0.2511503736274219
9.786891172585344,-0.18635670748050226,-0.6460086897938729
9.673627813036674,0.06329976212108884,0.7415071116555806
9.611554934279155,0.17172138414432564,0.24765315296562637
9.457319612252245,-0.2022389062726097,-0.828710960026115
9.239452935256566,0.18872022129492408,0.15431561147691764
9.72365597573413,0.6245713153450735,-0.49471518965807637
9.123082686779115,0.2832521707665297,0.26402398593316084
9.744589956998558,-0.22253081578286754,0.04214238166521072
9.673092130954256,-0.07485557566958255,0.7405945534009081
9.704079599046523,-0.3249870140859524,-0.7252109621551684
9.128219708521108,-0.5394370385917093,0.11682996080473518
9.337281120011951,0.6284337330262477,0.0065209100339624765
9.524281544785232,-0.7515867204257634,0.03140530189403214
9.739452935256566,0.22717494695947527,0.07444120466737478
9.78978230284101,0.6495152540929938,0.1938980150977728
9.615942120101176,0.10775412783728806,-0.22358741487707157
9.915660101455522,-0.6346440983722732,-0.5656692535515374
9.749571871623726,0.10384431853007398,-0.35341113523850043
9.553042790612597,-0.32238347110968435,0.7940085473210433
9.706399727966618,0.7287295090291077,0.33251033777802225
9.736764324156225,-0.06267574734757977,-0.21864222881103226
9.844478179789181,0.6940480587603814,-0.6033965813341605
9.91715217272618,0.5675154346553508,0.6333985896924632
9.2455480444224,0.18305497866951792,-0.07489135656652056
9.873082686779115,0.3521052602264184,0.07345760688010314
9.873082686779115,0.4220024814734666,0.3747202630588978
9.485879222800065,0.8341123465749783,-0.2205597527620661
9.562892443891428,-0.884601293319467,-0.07084027056951384
9.368630731201517,0.294434548295473,0.019593163891030413
9.765174838263187,-0.3456692952445218,-0.3947251497960869
9.463488253067665,-0.8390297206581818,0.18441796306870276
9.291226537720343,-0.426501924647154,-0.6639020408163556
9.798627813036674,0.14663309545442213,0.6581737783222472
9.129177795944951,0.21925698818087241,-0.3191209828689133
9.87210199902259,0.14229254425149176,0.4805860046638199
9.618630731201515,0.2713247812862907,-0.056784022256716936
9.187512294690773,0.8297656711625923,-0.2718139517952411
9.833543627479521,-0.8691814313642225,-0.0004758249328032302
9.212578896366843,0.18717076767363303,0.629032153212057
9.83660575225505,0.0029860986693795374,-0.8688108341529998
9.835888748226237,0.8692812497163304,0.0006498563142323319
9.206412017113585,-0.43894052345660717,-0.5146997283606226
9.538894119653278,-0.34369932394971137,-0.7867693745321768
9.540531115023127,0.7939551059727632,0.34258994828910955
9.292234711123509,0.7530260447552409,0.16802915749893593
9.252260482724065,0.4530206839286962,0.04199004453884396
9.878219708521108,-0.35528074766423884,0.04115878387793912
9.207214073835624,0.6016823312485321,0.28907573427837946
9.91819015064049,-0.5693854391343441,0.6321123867412349
9.214198433232834,0.6340656111138402,-0.13409219630933844
9.750321707543698,-0.2508349417562311,0.3929248602185763
9.798366928109292,0.6480917673311092,-0.19975312264873443
9.738472247500038,0.011666946799501799,0.2372648866361383
9.802748635562384,0.4989942515639004,-0.5240630812884822
9.752260482724065,0.3962550945532338,-0.05776762004398856
9.563647231935924,-0.6756999950190401,-0.5750955148215849
9.870394075678774,-0.06658555665479388,-0.34846594917246115
9.794932728373325,-0.6528335251371855,0.18510308086407606
9.798092130954256,-0.15818890900291596,0.6572612200675748
9.518381206159177,-0.5225508814734532,-0.5414160094316802
9.129177795944951,0.29362941136884935,-0.15489772094173426
9.710592829828695,-0.7318608056386646,0.32399563911897666
9.894780762584412,-0.4576176723811389,-0.3728454302644245
9.461966986173415,-0.7271363102729276,0.4636271718349153
9.33141404488825,-0.675263982219093,-0.40137399863724327
9.176792540433867,0.25552477400064394,-0.880261971278117
9.217130758104911,0.4923348837738807,-0.4766865525386268
9.54458030069554,-0.7971248882820163,0.33397965425040294
9.168262529502828,0.7115769733056766,0.5241683112615374
9.351192779697998,-0.49840481687454863,-0.4123963810841695
9.71927426828104,0.7281620418714585,-0.3370718976849951
9.923570839617433,0.5684709949792083,-0.6327444729645664
9.457962641407551,0.724295989482667,0.471662814770842
9.168087176196938,-0.7767607056256738,0.4700223999116874
9.571765925683927,0.7932372714039564,-0.3475239232623981
9.170428439666901,-0.24406790385698884,-0.882943173815943
9.12210199902259,0.09692882924931143,0.4631346777981791
9.481880219096066,0.5423637769876928,-0.6671767801380988
9.128219708521108,-0.46228632032266664,0.24228322950295011
9.616691956021146,-0.1635917991156837,0.22724179133918124
9.084099705330093,-0.6383032266188544,0.48985553923071073
9.085613919060146,0.1476824828031993,-0.7938268267304945
9.11637024847745,-0.08988173286216318,0.05436404710753353
9.20886250804044,-0.20149097631588167,0.6258844744228073
9.100615340869027,-0.750439746124735,-0.27416743968107754
9.87210199902259,-0.1387263133955591,0.46865815478615175
9.458414964181522,-0.48010877559294557,-0.7099457757654443
9.878219708521108,-0.4133107017865428,0.35430890143245264
9.811611370211716,-0.6851177395727995,-0.19216739050020842
9.085020637287885,0.760519719903865,-0.15464811444941964
9.129177795944951,0.4586525620162887,-0.09862306180445697
9.87210199902259,0.007757137492287739,0.36512141142302396
9.879177795944951,0.24189594139345688,-0.41486474904017134
9.86637024847745,-0.059159531243400953,-0.06222710252016572
9.120394075678774,-0.25422598719625367,-0.48534321139752823
9.86637024847745,0.06712050961465144,0.06405293833788667
9.085613919060146,-0.1420222606598965,-0.7938268267304943
9.319622415507798,0.6390533243133869,-0.40847325146299895
9.561608937894093,0.6434318829047547,-0.5789516786685108
9.084131387056509,0.6985759338029931,0.3695015812058095
9.33386250804044,-0.10801770601268265,0.7627339866390243
9.12210199902259,-0.09498619983270723,0.4655931933384473
9.51410471038093,0.1551273254261904,0.8451916084606356
9.337578896366843,0.08872900889481339,0.7683401809685422
9.870394075678774,-0.2011815461669218,-0.4638699596603333
9.916830607627304,-0.7906299904951996,-0.13247207779029743
9.916497096906568,-0.1316384179504527,-0.7907956369288771
9.916699616061894,0.7906628901740407,0.13230767534241394
9.873082686779115,0.46750927071429044,0.2080535963922311
9.925990131931668,-0.15399800236656086,0.7853119279481178
9.926525814014086,0.15082400209077718,0.7862244862027903
9.916713019852217,-0.7907248967765136,0.13199625285749417
9.919189132164343,0.7907918154497802,-0.13165781902818163
9.120394075678774,-0.17172973724359716,-0.3562387321133563
9.920108655348482,0.13462451661983224,-0.7901886531316132
9.186633282303838,-0.7645302938128469,-0.4303299076879662
9.509852639972108,-0.17977472727197705,0.8386728558764452
9.185183394696521,-0.8857277395699911,-0.2058138060199351
9.19044461956285,0.7655074331034117,-0.42902916960308013
9.879177795944951,0.40856260806012357,-0.3693579597993474
9.123082686779115,0.4441624908261869,0.2207773204029116
9.16855552469434,-0.8937346636019741,0.1691608132572565
9.08795296215996,0.5508155964527505,-0.5957189359608493
9.084568053827494,-0.8324279028641973,0.06354068387806483
9.11637024847745,0.07734065166896896,0.059831091019366664
9.727271471667239,-0.7641450200742788,-0.3310599487551089
9.490529755679546,0.7334794794213478,-0.46676925991131757
9.090476897344255,0.3075424673209304,0.7284468675059024
9.174608039790574,0.48194709953798426,0.7426278065268425
9.496794764908238,-0.8709606406583713,-0.21369386051174433
9.086017941434811,-0.5500028984867564,-0.596614362538402
9.832490709082826,-0.8506271541245004,-0.3670354941364704
9.08676050901785,-0.31348086269046876,0.7252991887166527
9.833317041187502,0.8508470282379762,0.36659085611393594
9.21176050901785,-0.10382679937632755,0.8907846945195672
9.832373121307587,-0.8507220604058143,0.3665596692036672
9.833685523367748,-0.3659395826471753,-0.8509677924179943
9.84009647233609,0.8518319731179511,-0.3646474521557149
9.179131583533682,0.5441736456436497,-0.7422400458787559
9.878219708521108,-0.45881749102736663,0.18764223476578593
9.916830607627304,-0.8927597510488641,-0.2281429358815699
9.916497096906568,-0.22730927604172513,-0.8929253974825415
9.49707414634377,-0.7686471432881838,-0.4612437903042018
9.215476897344255,0.09291991553116849,0.8963908888490851
9.916699616061894,0.8927926507277051,0.2279785334336865
9.894780762584412,-0.5031244616219628,-0.20617876359775783
9.916713019852217,-0.8928546573301781,0.22766711094876663
9.919189132164343,0.8929215760034447,-0.22732867711945418
9.08795296215996,0.6995462014644458,-0.5223714977351192
9.170832462041567,-0.5375642996773033,-0.7458166749941351
9.084099705330093,-0.5906295593141562,0.6548411179885476
9.086017941434811,-0.6987335034984516,-0.5232669243126717
9.085613919060146,0.0028301110716513747,-0.8745636211006432
9.169152024344394,0.8923508993608013,0.1365729878074077
9.091178621373722,0.4184753274891911,-0.8174056778915013
9.920108655348482,0.23029537471110467,-0.8923184136852778
9.843679494965915,0.3719896743936761,-0.8482861913532073
9.170860214347943,-0.4898027444431365,0.739743356355453
9.879177795944951,0.4540693973009474,-0.20269129313268072
9.577886812536264,-0.8290558082822059,-0.3419172858398452
9.926525814014086,0.24649486018204975,0.8883542467564545
9.085020637287885,0.894212696421833,-0.04549117779764695
9.925990131931668,-0.24966886045783337,0.8874416885017821
9.084131387056509,0.848311393548687,0.28894377902612534
9.084131142446319,0.5958655027062969,0.6521193738304191
9.915660101455522,-0.7822806481667616,-0.49467344497614313
9.916617425125608,0.7824676226013964,0.49439320940149223
9.08676050901785,-0.22000759238726972,0.8621487009328697
9.083987470866845,-0.8497083946235865,0.32184613286684505
9.91566010145537,-0.7822806481667615,0.4946734449761433
9.91715217272618,0.49651962607995676,0.7810351394869515
9.917188426461179,-0.4944111933266928,-0.782455640026578
9.91819015064049,-0.49838963055894997,0.7797489365357233
9.843677986740264,0.38723359954076364,0.8449761411522807
9.920907340171748,0.7833236422056317,-0.4930996617575036
9.084568053827494,-0.9023275032199106,-0.08148896553803467
9.084814520606756,-0.4126786794888393,-0.8200868804293273
9.090476897344255,0.20910070854211074,0.8677548952623876
9.844180282572157,-0.3922776042955406,0.8427773799463801
9.923570839617433,0.49747518640381405,-0.7803810227590549
9.20600799473892,0.033135277201260374,-0.6563044252389774
9.297186616112642,0.140977568398705,-0.7427395697865997
9.249571871623726,0.13760511801093775,-0.4744157484301391
9.340750492997447,0.24544740920838237,-0.5608508929777616
9.381545086740637,-0.28814619064359065,-0.14427728173051552
9.38937071958297,-0.3455365294742131,0.014042599141062151
9.20600799473892,-0.13691163411805654,-0.6563044252389771
9.290822515345678,-0.23895727731514887,-0.7454207723244259
9.800990131931668,-0.07066466903322746,0.8686452612814511
9.801525814014086,0.06749066875744393,0.8695578195361235
