1489
2443
1137
2685
663
136
1783
2137
1030
2422
1988
10
1587
2485
1208
2340
1645
1127
2130
508
2368
2213
211
1333
568
2442
102
654
613
772
2263
1021
1397
738
1994
2133
514
997
2421
1536
1985
2138
2677
2145
140
552
2289
1265
2678
2486
1446
1092
1532
2357
2155
2370
557
263
567
1091
1572
2185
1608
1449
2776
968
764
1967
2712
2369
2560
1149
2604
1986
2412
2777
1746
2287
233
655
2309
1703
661
2411
1383
628
1534
2697
2699
2698
1652
2156
969
156
736
898
2314
408
936
2319
152
1445
2559
394
2371
398
444
2601
2552
2273
1529
505
1357
2430
529
2603
1778
489
483
2549
2291
691
1831
1808
98
1178
124
2597
702
2353
2186
2429
726
