1258
93
1546
1924
1085
1857
1132
1259
1705
894
1244
2451
160
908
1685
1902
582
2648
2452
771
1535
149
2666
2188
686
1661
2713
446
1662
1592
1521
153
2598
2571
284
2587
1519
1189
2323
485
2658
184
1704
2588
1855
2649
2657
2194
2249
2551
2768
2222
1907
537
2572
2625
2770
918
2667
2136
2178
1912
2378
2624
692
758
2550
2435
158
1193
1353
1421
2379
2432
2402
1901
1305
1164
1416
2290
468
1538
1872
773
1011
1875
679
910
768
2437
2325
1250
2187
1086
1267
1526
241
13
151
517
2431
2602
2775
448
196
1711
332
730
1904
1858
756
2324
921
145
1852
1221
2650
2401
1151
591
1087
2769
101
341
1415
327
1730
971
783
1242
2499
2387
950
1743
1691
2436
2434
556
2585
1396
112
134
867
2433
359
689
2500
1649
2038
1799
2553
316
870
