1880
1991
544
2615
1063
536
1064
2692
2766
1471
1567
2660
712
2189
1142
2659
2577
1612
1060
2498
1185
1741
317
515
1883
951
1813
578
1978
1805
2035
1505
1919
496
1044
2497
2695
2696
205
629
2765
657
1911
2616
972
1050
2483
2578
2691
2484
1614
2067
2252
2663
1310
833
636
588
1391
23
2366
1209
2183
955
760
714
2062
1318
1605
881
675
2052
439
1307
1571
947
18
402
1835
2764
2636
750
2416
427
1636
1760
1879
2513
360
99
800
107
1971
1288
333
622
900
2417
548
2637
1344
157
382
1182
1844
1887
251
2439
114
1299
1990
640
1634
2467
1351
2515
2466
1579
395
2512
2418
976
2608
1843
1352
1081
1839
1965
1804
1586
1890
2042
794
2557
579
1393
985
2220
1040
1473
741
873
917
373
2288
1932
2195
2514
2558
1635
2260
2665
49
1803
954
2264
1432
459
294
2481
2516
469
1246
2482
2450
1598
1951
1428
645
274
805
2635
1871
1683
875
1640
667
1254
2001
1846
1389
2468
2756
956
1425
