1523
128
1126
1913
1785
1972
1905
1051
1791
1055
2455
2521
1865
899
703
2774
386
953
320
685
1160
2193
1313
2586
815
364
1854
2068
1454
507
1784
705
644
299
5
2386
173
935
272
1801
642
147
1037
2771
347
2268
1268
1903
2456
2047
229
1739
1745
1559
1936
1766
896
264
1533
223
2184
2218
647
1781
2304
827
973
2773
2426
1196
1968
1851
1881
292
1144
962
580
1589
1083
2554
1780
658
1557
2191
966
1418
2661
63
2424
1175
1798
478
2221
2460
1569
1241
2772
2693
2017
731
2306
1508
1761
1822
2286
486
1648
1626
2041
1375
334
2767
1617
706
2016
1152
1975
501
1275
553
14
2618
1472
1547
1869
2662
970
684
652
2425
2223
1862
1346
1962
857
12
2190
323
1293
2638
2694
1979
2300
2415
1590
2367
498
2461
1684
757
1870
2664
2423
1420
2639
1068
2119
2619
1584
