1.0,0.0,0.0
1.0,0.0,0.0
1.0,0.0,0.0
1.0,0.0,0.0
1.0,0.0,0.0
1.0,0.0,0.0
1.0,0.0,0.0
1.0,0.0,0.0
1.0,0.0,0.0
1.0,0.0,0.0
1.0,0.0,0.0
1.0,0.0,0.0
1.0,0.0,0.0
1.0,0.0,0.0
1.0,0.0,0.0
1.0,0.0,0.0
1.0,0.0,0.0
1.0,0.0,0.0
1.0,0.0,0.0
1.0,0.0,0.0
1.0,0.0,0.0
1.0,0.0,0.0
1.0,0.0,0.0
1.0,0.0,0.0
1.0,0.0,0.0
1.0,0.0,0.0
1.0,0.0,0.0
1.0,0.0,0.0
1.0,0.0,0.0
1.0,0.0,0.0
1.0,0.0,0.0
1.0,0.0,0.0
1.0,0.0,0.0
1.0,0.0,0.0
1.0,0.0,0.0
1.0,0.0,0.0
1.0,0.0,0.0
1.0,0.0,0.0
1.0,0.0,0.0
1.0,0.0,0.0
1.0,0.0,0.0
1.0,0.0,0.0
1.0,0.0,0.0
1.0,0.0,0.0
1.0,0.0,0.0
1.0,0.0,0.0
1.0,0.0,0.0
1.0,0.0,0.0
1.0,0.0,0.0
1.0,0.0,0.0
1.0,0.0,0.0
1.0,0.0,0.0
1.0,0.0,0.0
1.0,0.0,0.0
1.0,0.0,0.0
1.0,0.0,0.0
1.0,0.0,0.0
1.0,0.0,0.0
1.0,0.0,0.0
1.0,0.0,0.0
1.0,0.0,0.0
1.0,0.0,0.0
1.0,0.0,0.0
1.0,0.0,0.0
1.0,0.0,0.0
1.0,0.0,0.0
1.0,0.0,0.0
1.0,0.0,0.0
1.0,0.0,0.0
1.0,0.0,0.0
1.0,0.0,0.0
1.0,0.0,0.0
1.0,0.0,0.0
1.0,0.0,0.0
1.0,0.0,0.0
1.0,0.0,0.0
1.0,0.0,0.0
1.0,0.0,0.0
1.0,0.0,0.0
1.0,0.0,0.0
1.0,0.0,0.0
1.0,0.0,0.0
1.0,0.0,0.0
1.0,0.0,0.0
1.0,0.0,0.0
1.0,0.0,0.0
1.0,0.0,0.0
1.0,0.0,0.0
1.0,0.0,0.0
1.0,0.0,0.0
1.0,0.0,0.0
1.0,0.0,0.0
1.0,0.0,0.0
1.0,0.0,0.0
1.0,0.0,0.0
1.0,0.0,0.0
1.0,0.0,0.0
1.0,0.0,0.0
1.0,0.0,0.0
1.0,0.0,0.0
1.0,0.0,0.0
1.0,0.0,0.0
1.0,0.0,0.0
1.0,0.0,0.0
1.0,0.0,0.0
1.0,0.0,0.0
1.0,0.0,0.0
1.0,0.0,0.0
1.0,0.0,0.0
1.0,0.0,0.0
1.0,0.0,0.0
1.0,0.0,0.0
1.0,0.0,0.0
1.0,0.0,0.0
1.0,0.0,0.0
1.0,0.0,0.0
1.0,0.0,0.0
1.0,0.0,0.0
1.0,0.0,0.0
1.0,0.0,0.0
1.0,0.0,0.0
1.0,0.0,0.0
1.0,0.0,0.0
1.0,0.0,0.0
1.0,0.0,0.0
1.0,0.0,0.0
1.0,0.0,0.0
1.0,0.0,0.0
1.0,0.0,0.0
1.0,0.0,0.0
1.0,0.0,0.0
1.0,0.0,0.0
1.0,0.0,0.0
1.0,0.0,0.0
1.0,0.0,0.0
1.0,0.0,0.0
1.0,0.0,0.0
1.0,0.0,0.0
1.0,0.0,0.0
1.0,0.0,0.0
1.0,0.0,0.0
1.0,0.0,0.0
1.0,0.0,0.0
1.0,0.0,0.0
1.0,0.0,0.0
1.0,0.0,0.0
1.0,0.0,0.0
1.0,0.0,0.0
1.0,0.0,0.0
1.0,0.0,0.0
1.0,0.0,0.0
1.0,0.0,0.0
1.0,0.0,0.0
1.0,0.0,0.0
1.0,0.0,0.0
1.0,0.0,0.0
1.0,0.0,0.0
1.0,0.0,0.0
1.0,0.0,0.0
1.0,0.0,0.0
1.0,0.0,0.0
1.0,0.0,0.0
1.0,0.0,0.0
1.0,0.0,0.0
1.0,0.0,0.0
1.0,0.0,0.0
1.0,0.0,0.0
1.0,0.0,0.0
1.0,0.0,0.0
1.0,0.0,0.0
1.0,0.0,0.0
1.0,0.0,0.0
1.0,0.0,0.0
1.0,0.0,0.0
1.0,0.0,0.0
1.0,0.0,0.0
1.0,0.0,0.0
1.0,0.0,0.0
1.0,0.0,0.0
1.0,0.0,0.0
1.0,0.0,0.0
1.0,0.0,0.0
1.0,0.0,0.0
1.0,0.0,0.0
1.0,0.0,0.0
1.0,0.0,0.0
1.0,0.0,0.0
1.0,0.0,0.0
1.0,0.0,0.0
1.0,0.0,0.0
1.0,0.0,0.0
1.0,0.0,0.0
1.0,0.0,0.0
1.0,0.0,0.0
1.0,0.0,0.0
1.0,0.0,0.0
1.0,0.0,0.0
1.0,0.0,0.0
1.0,0.0,0.0
1.0,0.0,0.0
1.0,0.0,0.0
1.0,0.0,0.0
1.0,0.0,0.0
1.0,0.0,0.0
1.0,0.0,0.0
1.0,0.0,0.0
1.0,0.0,0.0
1.0,0.0,0.0
1.0,0.0,0.0
1.0,0.0,0.0
1.0,0.0,0.0
1.0,0.0,0.0
1.0,0.0,0.0
1.0,0.0,0.0
1.0,0.0,0.0
1.0,0.0,0.0
1.0,0.0,0.0
1.0,0.0,0.0
1.0,0.0,0.0
1.0,0.0,0.0
1.0,0.0,0.0
1.0,0.0,0.0
1.0,0.0,0.0
1.0,0.0,0.0
1.0,0.0,0.0
1.0,0.0,0.0
1.0,0.0,0.0
1.0,0.0,0.0
1.0,0.0,0.0
1.0,0.0,0.0
1.0,0.0,0.0
1.0,0.0,0.0
1.0,0.0,0.0
1.0,0.0,0.0
1.0,0.0,0.0
1.0,0.0,0.0
1.0,0.0,0.0
1.0,0.0,0.0
1.0,0.0,0.0
1.0,0.0,0.0
1.0,0.0,0.0
1.0,0.0,0.0
1.0,0.0,0.0
1.0,0.0,0.0
1.0,0.0,0.0
1.0,0.0,0.0
1.0,0.0,0.0
1.0,0.0,0.0
1.0,0.0,0.0
0.9562287720834494,0.14170574395745084,0.14170574395745084
0.9638302698442994,0.2200395743346244,0.2200395743346244
0.9979584430811924,-0.046382882171560995,-0.046382882171560995
0.9405052281954158,0.14762659727858604,0.14762659727858604
0.9279256656901257,-0.21097572411715512,-0.21097572411715512
0.46816303662837433,0.6002456931635649,0.6002456931635649
0.8767265563536596,-0.2781109399341487,-0.2781109399341487
0.9143998203628675,0.2532939430881779,0.2532939430881779
0.6432452433192837,0.5647872415186587,0.5647872415186587
0.9399436721293066,0.206671774707876,0.206671774707876
0.9981908781722171,-0.06000044912923893,-0.06000044912923893
0.9981512591299583,-0.01133122981641705,-0.01133122981641705
0.9913149435688903,0.1313055238346709,0.1313055238346709
0.9014134123273048,-0.24092846031257611,-0.24092846031257611
0.9550731741873535,0.2086009377905805,0.2086009377905805
0.8288328334647032,-0.41463286071222455,-0.41463286071222455
0.9892038889167277,0.07428910835502928,0.07428910835502928
0.9731659343979163,-0.13535631488278152,-0.13535631488278152
0.9989550101535589,-0.044397431476710845,-0.044397431476710845
0.843503767433651,0.13087658624501386,0.13087658624501386
0.9914462422603169,0.06789368555701616,0.06789368555701616
0.9991481071017101,-0.026064812088887643,-0.026064812088887643
0.6902277650550269,-0.46546901410969976,-0.46546901410969976
0.9564534222785372,0.16176690446703662,0.16176690446703662
0.7311404817210367,0.4683727773119312,0.4683727773119312
0.7680257833074169,0.3373812047305906,0.3373812047305906
0.9068420758480051,-0.22591155914658212,-0.22591155914658212
0.8058466482900623,-0.43920911949058417,-0.43920911949058417
0.9979797829900763,-0.053315797751958216,-0.053315797751958216
0.8597233753237556,0.16632655997899654,0.16632655997899654
0.9840212288394364,-0.03659018883951823,-0.03659018883951823
0.9943456122057154,-0.017809321313392672,-0.017809321313392672
0.9813510985892709,-0.08423331701660905,-0.08423331701660905
0.9765235296850375,0.14865802238811635,0.14865802238811635
0.9797105725754807,0.03731434591430239,0.03731434591430239
0.9276280678921962,-0.20336550979369908,-0.20336550979369908
0.9899330608942605,0.08660023938036335,0.08660023938036335
0.9742987696791157,-0.028391881219395253,-0.028391881219395253
0.8405038015777087,-0.3598870180557125,-0.3598870180557125
0.8643868923053037,0.30109130117003213,0.30109130117003213
0.9772800052116667,0.16867788734221312,0.16867788734221312
0.9948568345989243,0.08043081815850887,0.08043081815850887
0.6099435303413068,-0.6107624227928955,-0.6107624227928955
0.9664042055363605,-0.21924824881466937,-0.21924824881466937
0.9977906007585396,-0.031496748334131616,-0.031496748334131616
0.8917560815340049,-0.32445000062235696,-0.32445000062235696
0.8613744983568514,-0.27317833760770976,-0.27317833760770976
0.993114280237357,-0.06885220094144447,-0.06885220094144447
0.9634529167098594,-0.24208812587081216,-0.24208812587081216
0.8485800195579204,-0.36241983723940596,-0.36241983723940596
0.9158533221345342,-0.2598934779957519,-0.2598934779957519
0.9988978901158428,-0.01825430043412794,-0.01825430043412794
0.8768327572647646,-0.38924824080734965,-0.38924824080734965
0.9969269491548857,0.05847101022578234,0.05847101022578234
0.7290056684813289,0.6129180629249658,0.6129180629249658
0.8246645831720407,-0.3005596343775434,-0.3005596343775434
0.8844189263319475,-0.3716248356159063,-0.3716248356159063
0.8369763013846608,-0.5471283918931729,-0.5471283918931729
0.9945502222781177,0.0745072955511696,0.0745072955511696
0.9988971824779203,0.04181411348803728,0.04181411348803728
0.9919328247735347,-0.05539066994086864,-0.05539066994086864
0.996066743275089,0.07283342815010599,0.07283342815010599
0.9772039134666053,-0.178232653187449,-0.178232653187449
0.8332626509712147,-0.3932434076519613,-0.3932434076519613
0.821560760357513,-0.4007442658897711,-0.4007442658897711
0.9069805527308177,0.3040661064345736,0.3040661064345736
0.9877474545084449,0.12347199535520736,0.12347199535520736
0.9707227332409952,0.07656909801105641,0.07656909801105641
0.9315591183183531,0.12645420651369094,0.12645420651369094
0.983161111064963,0.11364635663085083,0.11364635663085083
0.9322729359604195,-0.22228984923281916,-0.22228984923281916
0.8920960200814361,-0.32349227325146207,-0.32349227325146207
0.9163815747441156,-0.22474189806127093,-0.22474189806127093
0.9613048495055698,0.24961044257661963,0.24961044257661963
0.5958359630126393,0.5900321940644047,0.5900321940644047
0.582945375858725,-0.530787351872332,-0.530787351872332
0.9881427503758793,-0.11503190960930257,-0.11503190960930257
0.9724050928694927,0.2076442296382914,0.2076442296382914
0.9043378990089218,0.27721452341212466,0.27721452341212466
0.9485851151573265,0.2630938485058779,0.2630938485058779
0.9167544393582084,0.25524287210728197,0.25524287210728197
0.9961148968262473,0.0028323742222393523,0.0028323742222393523
0.8377869469226978,0.36416643482344296,0.36416643482344296
0.9937048129835685,0.1120283191486958,0.1120283191486958
0.9877567905095561,-0.12000127292416203,-0.12000127292416203
0.9914905250967582,-0.12067944293096594,-0.12067944293096594
0.98918468178499,-0.14385885271406337,-0.14385885271406337
0.9990203038303447,0.02409109272903304,0.02409109272903304
0.9111488944122401,0.2907925317674101,0.2907925317674101
0.992642034769544,0.07895594338552532,0.07895594338552532
0.8630685313161548,-0.34881035792333864,-0.34881035792333864
0.9013512829280279,0.3490597927535935,0.3490597927535935
0.6185444711535092,0.4687475794050662,0.4687475794050662
0.9706015554387011,0.1792888130123043,0.1792888130123043
0.9990914643286275,-0.03273998653696164,-0.03273998653696164
0.9427232419965469,-0.14914218170962876,-0.14914218170962876
0.9988880779873679,0.01243925808032496,0.01243925808032496
0.9985457354047376,0.04090095458352693,0.04090095458352693
0.9691062498867755,0.12456485560769077,0.12456485560769077
0.9814596484746382,-0.1603846551753236,-0.1603846551753236
0.8842641509787743,-0.3437057679603992,-0.3437057679603992
0.9525332798645079,0.23758112762749045,0.23758112762749045
0.9907801748830932,-0.03549384408149755,-0.03549384408149755
0.8553215673657625,0.37999660919805445,0.37999660919805445
0.8864200758374894,-0.3124309882480868,-0.3124309882480868
0.9974596422755365,-0.018306794665108848,-0.018306794665108848
0.9618982146917279,0.18207379670650045,0.18207379670650045
0.9436028764248472,-0.18221779699756224,-0.18221779699756224
0.9519698449352555,-0.18805402081747224,-0.18805402081747224
0.9970490156398667,0.06237829772753039,0.06237829772753039
0.9329202500894513,-0.21811305353468705,-0.21811305353468705
0.7895603652023614,0.5849540267648478,0.5849540267648478
0.6364924235419518,0.5508055243629105,0.5508055243629105
0.9707389437547654,-0.04863021090889028,-0.04863021090889028
0.9548744908416815,0.2099268765919461,0.2099268765919461
0.9994201064702378,0.03119212791175747,0.03119212791175747
0.9765754196653733,0.03932323571927447,0.03932323571927447
0.92670895676976,-0.1867534770211587,-0.1867534770211587
0.9970578530599434,-0.06809498648002157,-0.06809498648002157
0.42263259790067065,-0.5047482857646317,-0.5047482857646317
0.9929652329999934,0.03304270709024777,0.03304270709024777
0.7570606525595248,-0.42271962151974524,-0.42271962151974524
0.9500390944581018,-0.16294395648989843,-0.16294395648989843
0.9050347477625753,0.27086504680011014,0.27086504680011014
0.9740381404489484,0.16549342378541887,0.16549342378541887
0.985587833092173,-0.1647351312787017,-0.1647351312787017
0.9357831104318161,-0.321330880286445,-0.321330880286445
0.9708990781578254,0.19101086309495163,0.19101086309495163
0.9865622930755933,-0.11026646344095467,-0.11026646344095467
0.8739121631904057,0.3389709743713087,0.3389709743713087
0.973585343866387,-0.1661700587011636,-0.1661700587011636
0.8403777674700235,-0.2884042621908412,-0.2884042621908412
0.8697218425643765,0.3061276896000554,0.3061276896000554
0.9389428063012731,0.24749124278920923,0.24749124278920923
0.8407567345248146,-0.3989265118376343,-0.3989265118376343
0.9899269211321278,-0.09302574264625675,-0.09302574264625675
0.8991457205093503,-0.2819479686050365,-0.2819479686050365
0.9995453383092554,0.030120057265411518,0.030120057265411518
0.8509011643952136,-0.34471310721241144,-0.34471310721241144
0.9729424253834185,0.13156423131879522,0.13156423131879522
0.9804554960251393,-0.09413164000333425,-0.09413164000333425
0.9880017470764414,0.13331398870751254,0.13331398870751254
0.9730671513396068,-0.053393753505513564,-0.053393753505513564
0.9402931446345691,-0.231978522813422,-0.231978522813422
0.9125334030611604,0.2932138073722345,0.2932138073722345
0.7926244232508133,-0.5171306013929583,-0.5171306013929583
0.937493296704239,-0.22722319766422328,-0.22722319766422328
0.9970026099060547,-0.07736376247082477,-0.07736376247082477
0.9709060577869708,-0.20555953756119752,-0.20555953756119752
0.944962279132852,-0.23551622549600484,-0.23551622549600484
0.8488175918270802,-0.3593318891060284,-0.3593318891060284
0.999218717893994,0.0395105034420524,0.0395105034420524
0.8284421758252325,-0.34830442915987664,-0.34830442915987664
0.9819616695734137,0.15939550768299912,0.15939550768299912
0.9559658496433595,0.21702497826619058,0.21702497826619058
0.9924767128048922,-0.07381747269405095,-0.07381747269405095
0.9806561653557404,-0.1892493365355111,-0.1892493365355111
0.8259431357671513,0.4314103293059938,0.4314103293059938
0.8895282468982747,-0.30405814939001,-0.30405814939001
-0.4869448547853539,0.41784319085236454,0.41784319085236454
0.9971820867825051,0.06618030990434996,0.06618030990434996
0.9994197996761597,0.03208047166349728,0.03208047166349728
0.9741813701251251,-0.166754679620443,-0.166754679620443
0.9618641426142442,0.05107680890588039,0.05107680890588039
0.9845231421071301,-0.07016361769754716,-0.07016361769754716
0.9995809015194527,0.027346655661090423,0.027346655661090423
0.9606799715892829,-0.11502610467305979,-0.11502610467305979
0.9764832444079545,-0.1068251887018923,-0.1068251887018923
0.9770687140263425,0.08305008886575216,0.08305008886575216
0.9929288787808035,0.07304523443912954,0.07304523443912954
0.9766311300222215,0.13609641219809657,0.13609641219809657
0.892748049765916,0.4293627928996515,0.4293627928996515
0.9999055289713183,-0.0049662953315446935,-0.0049662953315446935
0.9597053126184761,-0.2583881717637371,-0.2583881717637371
0.977703253453316,-0.19987969003454253,-0.19987969003454253
0.9758520587149203,0.1286888330569065,0.1286888330569065
0.9697336826708589,-0.08943175457793943,-0.08943175457793943
0.9835339762441415,0.17073185473171246,0.17073185473171246
0.9760572036064914,-0.002328654911577601,-0.002328654911577601
0.896776525587829,-0.28088426445302195,-0.28088426445302195
0.9357925864249805,-0.30653186310687425,-0.30653186310687425
0.9985522850487402,0.053737911999312486,0.053737911999312486
0.9089633956094717,0.13965748743955442,0.13965748743955442
0.9964892701441528,0.07608960134018317,0.07608960134018317
0.9308899476050743,-0.24727058204499025,-0.24727058204499025
0.996277743907515,-0.04771857113315336,-0.04771857113315336
0.778859234116612,0.41223309061202446,0.41223309061202446
0.8372020304777277,-0.35094812769716344,-0.35094812769716344
0.9896466596826671,-0.028069149571525034,-0.028069149571525034
0.9869451651316264,0.12088618411235239,0.12088618411235239
0.992953109373523,0.027994514189891462,0.027994514189891462
0.9824186085062573,-0.12954103534095895,-0.12954103534095895
0.9546016229266007,0.11970554264530602,0.11970554264530602
0.9354017308088177,0.2843671083208836,0.2843671083208836
0.9894390195204288,-0.0886195197730056,-0.0886195197730056
0.9900408386206244,0.1320007414715234,0.1320007414715234
0.8964959622867614,-0.24765381190148258,-0.24765381190148258
0.9316481541259511,-0.20904534329584906,-0.20904534329584906
0.9347668495391552,0.26779362507881255,0.26779362507881255
0.8906019685230357,0.32873185356729245,0.32873185356729245
0.9948383384293176,0.07589823794753622,0.07589823794753622
0.9593412738456799,-0.1760381549070566,-0.1760381549070566
0.9791112342425101,-0.10416663850959176,-0.10416663850959176
0.9985021131263438,0.04920097263782842,0.04920097263782842
0.9562000458512241,0.1966192125975598,0.1966192125975598
0.976461417471818,0.1541908893545807,0.1541908893545807
0.8639941747950862,-0.32190946829218914,-0.32190946829218914
0.9913544222623355,-0.044010928013173765,-0.044010928013173765
0.9079259588055547,-0.10249121855667682,-0.10249121855667682
0.971354838027984,-0.14482657564466583,-0.14482657564466583
0.9979955254061932,-0.06237103225789278,-0.06237103225789278
0.9393912492281058,-0.2768883299065979,-0.2768883299065979
0.8887353768507247,-0.33959007349848364,-0.33959007349848364
0.9953933869281378,0.06748123227777482,0.06748123227777482
0.9028909358801962,0.30703760756659143,0.30703760756659143
0.9832738218783456,0.17322069878610338,0.17322069878610338
0.6040869722158884,-0.420606173613201,-0.420606173613201
0.9946779511176644,-0.042110503380906425,-0.042110503380906425
0.9180212677998202,0.23250979666173274,0.23250979666173274
0.9911830370469038,-0.0544608226376971,-0.0544608226376971
0.9936919179775938,-0.08671177254715709,-0.08671177254715709
0.9805665168614223,0.13163682571544733,0.13163682571544733
0.6136669131866769,0.5930250141258478,0.5930250141258478
0.9930325613276393,-0.08447824855226767,-0.08447824855226767
0.9970560123365232,-0.05847927350764799,-0.05847927350764799
0.6463616412678279,-0.5361325560475101,-0.5361325560475101
0.9790736474993711,-0.11638483823343701,-0.11638483823343701
0.49936360709543154,-0.3752218260744635,-0.3752218260744635
0.942610396810203,0.3103431687357797,0.3103431687357797
0.9970013570347699,-0.07737959256124043,-0.07737959256124043
0.843790239020663,-0.3255649993879003,-0.3255649993879003
0.9964073963138648,0.03575599715643436,0.03575599715643436
0.9818852024110701,0.15392092365725726,0.15392092365725726
0.9946017355771264,-0.049097148305245766,-0.049097148305245766
0.9903389421854908,-0.09814466094815061,-0.09814466094815061
0.9973989693579652,0.0438927017811979,0.0438927017811979
0.9994369405616025,0.018217806730155064,0.018217806730155064
0.9993192396772242,0.03686151611602229,0.03686151611602229
0.97234047085346,-0.11832255392169162,-0.11832255392169162
0.9302568432165003,-0.23980498025009753,-0.23980498025009753
0.9939692807155288,-0.04933950825701473,-0.04933950825701473
0.9980465277334882,-0.03524907144808365,-0.03524907144808365
0.6676805817237744,-0.49096313020649845,-0.49096313020649845
0.8947406510238959,-0.2748557878222811,-0.2748557878222811
0.9536227979144856,-0.24048898295367757,-0.24048898295367757
0.9795798499923833,-0.14506246296875863,-0.14506246296875863
0.9942381741092247,0.05582417173702409,0.05582417173702409
0.9153596356330752,-0.3675097915472275,-0.3675097915472275
0.9985613437419861,-0.05319726649720585,-0.05319726649720585
0.989757927294271,-0.07467592935483704,-0.07467592935483704
0.9995308097492729,-0.003196562184891016,-0.003196562184891016
0.9285474400408671,-0.2535991270786433,-0.2535991270786433
0.9950690908978332,-0.09009852940733291,-0.09009852940733291
0.9585423984576664,-0.2840854869210912,-0.2840854869210912
0.8252240748716396,-0.40616152144024864,-0.40616152144024864
0.9257428297024863,-0.28816830228297363,-0.28816830228297363
0.9099363417768126,-0.07388901667984564,-0.07388901667984564
0.8043591264808577,-0.34937810825570864,-0.34937810825570864
0.9789495429409066,-0.11410162938646708,-0.11410162938646708
0.9710264548871974,0.12309986585132322,0.12309986585132322
0.9985563226338031,0.04627515703617326,0.04627515703617326
0.7181266772047837,-0.39837208507250527,-0.39837208507250527
0.9213224074676972,-0.258637066366103,-0.258637066366103
0.9231388912710106,0.2859371867336683,0.2859371867336683
0.6489487840975033,0.6871298879145437,0.6871298879145437
0.6623641975466059,0.5337834607580791,0.5337834607580791
0.8499159426516327,-0.24025661925610034,-0.24025661925610034
0.7347038476988185,-0.4424148463508616,-0.4424148463508616
0.9915925652694358,-0.12517809078306258,-0.12517809078306258
0.9854574618100234,-0.06729348766404077,-0.06729348766404077
0.9999056309760859,0.008360605451342294,0.008360605451342294
0.9783382306964568,0.17242529609271665,0.17242529609271665
0.350220583947872,-0.6106506597800947,-0.6106506597800947
0.9302326123757771,0.2720489999213601,0.2720489999213601
0.9861152593550154,-0.10040839351924842,-0.10040839351924842
0.9671056065851901,-0.19790112985758018,-0.19790112985758018
0.853401453489126,0.2525250213058761,0.2525250213058761
0.7139473996941201,0.41627662473136623,0.41627662473136623
0.9986036163974684,0.0226884208312499,0.0226884208312499
0.9970177577480375,0.05510031363682239,0.05510031363682239
0.9898184717242476,-0.07699241301539089,-0.07699241301539089
0.9837015871944351,0.12312944505401478,0.12312944505401478
0.9948670321013784,-0.09174482308504894,-0.09174482308504894
0.9321557417918523,-0.13372643698740685,-0.13372643698740685
0.998227030462256,0.03444213849486549,0.03444213849486549
0.7659131452802842,0.49587890165091575,0.49587890165091575
0.8403423739669121,0.39417174704230656,0.39417174704230656
0.6974637833142494,-0.547712201989532,-0.547712201989532
0.6072708059039037,0.3450026913318722,0.3450026913318722
0.9942078007388722,0.10469918744857233,0.10469918744857233
0.9564262725776773,0.14035472001471147,0.14035472001471147
0.998389135589739,0.002627290960871263,0.002627290960871263
0.9918169902213687,-0.10433454048987241,-0.10433454048987241
0.9499361183232075,0.1497747683885855,0.1497747683885855
0.9834737431829195,0.1787192682122026,0.1787192682122026
0.9953756893097812,0.08350947023918623,0.08350947023918623
0.972363121856013,0.15078373840162324,0.15078373840162324
0.8476877386559818,-0.35427080449457055,-0.35427080449457055
0.9744071691412394,-0.02730589461376267,-0.02730589461376267
0.9686834598060511,-0.1636122942869577,-0.1636122942869577
0.9937623648053345,0.03730755858179645,0.03730755858179645
0.9885516209480668,0.0837347808194335,0.0837347808194335
0.9676728184636574,-0.10768881504191297,-0.10768881504191297
0.9290595509140509,0.2470116051222978,0.2470116051222978
0.634449673356129,0.5685322062102737,0.5685322062102737
0.9413499306075991,-0.20494898303178244,-0.20494898303178244
0.6109423119511428,-0.53429387798269,-0.53429387798269
0.9525695502437879,-0.1870180961791445,-0.1870180961791445
0.9868282564611066,-0.1233831030831367,-0.1233831030831367
0.9646919251432698,0.16948187092912886,0.16948187092912886
0.9063113766432274,-0.2955603975529173,-0.2955603975529173
0.848440874280073,-0.2502027778694807,-0.2502027778694807
0.43953868045580763,0.681222395011232,0.681222395011232
0.9995472013421878,-0.029349279802263793,-0.029349279802263793
0.9971775061122121,0.06629199502270855,0.06629199502270855
0.9993605271256225,0.03575286534229693,0.03575286534229693
0.9528354356129344,0.22161354130859554,0.22161354130859554
0.9914807096191434,-0.09043958645801355,-0.09043958645801355
0.7832291710403234,0.4518577047763124,0.4518577047763124
0.8794673535530535,0.45205809171597566,0.45205809171597566
0.9572812798465387,0.15116018732469616,0.15116018732469616
0.9675277390874991,0.20089293226333138,0.20089293226333138
0.684134876734718,0.6485436812066508,0.6485436812066508
0.9929324313005142,-0.006334769385804386,-0.006334769385804386
0.9918311119835609,0.012796885396188177,0.012796885396188177
0.9965319324408091,-0.04719026566870098,-0.04719026566870098
0.9700132551853398,-0.16972753465551274,-0.16972753465551274
0.8253284214895829,-0.34590474606131616,-0.34590474606131616
0.9979234165641295,0.05276811070536642,0.05276811070536642
0.9967903472770135,0.04546537368690538,0.04546537368690538
0.9532121479379562,-0.21417263995787003,-0.21417263995787003
0.9841634593162163,0.12628110802806772,0.12628110802806772
0.9077418570664068,0.3090020183968966,0.3090020183968966
0.9085276027336175,0.25067045790168413,0.25067045790168413
0.9426998849003966,0.07229998185437317,0.07229998185437317
0.9985083948904893,-0.031007202042367316,-0.031007202042367316
0.9863437413234745,0.11157392890455778,0.11157392890455778
0.8985222007345718,-0.2450218518869127,-0.2450218518869127
0.9945229379034668,-0.0684615172315857,-0.0684615172315857
0.9932655126220177,0.09011745239776593,0.09011745239776593
0.883151392823952,-0.27471825285807844,-0.27471825285807844
0.9617902925441701,-0.24537995087249242,-0.24537995087249242
0.9975174200560892,0.058300792458902455,0.058300792458902455
0.6873432718854501,-0.5161452920108328,-0.5161452920108328
0.9952248850136726,-0.047358409873074866,-0.047358409873074866
0.9954289830901918,0.0317056083142955,0.0317056083142955
0.9722096379075945,0.1120070446638316,0.1120070446638316
0.9651878596096444,-0.23301599562440384,-0.23301599562440384
0.9940506937742104,-0.06877502621540266,-0.06877502621540266
0.9884794136599705,0.10085549181478486,0.10085549181478486
0.9644904026323737,0.1736678993451347,0.1736678993451347
0.9647424023530479,-0.21837642210210229,-0.21837642210210229
0.9992754035411395,0.0374939399897233,0.0374939399897233
0.9563727556456996,0.25719492956885476,0.25719492956885476
0.9988645640000635,0.02769299543348878,0.02769299543348878
0.9984614657759825,-0.05523990874274727,-0.05523990874274727
0.9563494200631106,-0.24135438894986838,-0.24135438894986838
0.7438285391246986,0.3300135668988864,0.3300135668988864
0.9589810950146164,-0.11940685377222653,-0.11940685377222653
0.9981458136839898,-0.03896276683507363,-0.03896276683507363
0.5928363512638143,0.4537473996590968,0.4537473996590968
0.997872108142464,0.019265131791269163,0.019265131791269163
0.9987114085037715,0.023754817147015977,0.023754817147015977
0.9778105474845055,0.039390108768950584,0.039390108768950584
0.8864284932118089,0.3131528741618697,0.3131528741618697
0.7138526476898412,-0.46294028254388925,-0.46294028254388925
0.9874251457803358,0.1245539977429169,0.1245539977429169
0.8827764273239453,-0.18960058852036343,-0.18960058852036343
0.9805985137639124,0.12116079700795457,0.12116079700795457
0.9789455284295596,-0.1481743703534396,-0.1481743703534396
0.9496173614856841,-0.23361210876956168,-0.23361210876956168
0.9834079012394152,0.03748754900559469,0.03748754900559469
0.9764491884852289,-0.14328516175584075,-0.14328516175584075
0.9840219388873105,0.022304609053706487,0.022304609053706487
0.9907249761407075,-0.07707298927717963,-0.07707298927717963
0.9863207911618238,-0.12396821424525087,-0.12396821424525087
0.6401302227448805,0.5664960986424525,0.5664960986424525
0.9960013136646056,0.023138924281709966,0.023138924281709966
0.9310908737332918,0.2637271995811941,0.2637271995811941
0.9811639561191856,0.032700235111654,0.032700235111654
0.7786755429655418,0.47554478839667863,0.47554478839667863
0.9520960513700959,0.20989584959483343,0.20989584959483343
0.9776560825706792,0.15645068008034538,0.15645068008034538
0.9874314578793222,-0.157974169006187,-0.157974169006187
0.9828686738819962,-0.10617586566323312,-0.10617586566323312
0.9970937501474885,-0.050493056194556026,-0.050493056194556026
0.996796333499265,0.060129345215707945,0.060129345215707945
0.9335015603327557,0.2629759169792246,0.2629759169792246
0.9554893905883775,0.2202253981295725,0.2202253981295725
0.9997702672401888,0.01192768196678316,0.01192768196678316
0.9521753127484753,-0.22222927174153795,-0.22222927174153795
0.9983958516227641,-0.014488511834600284,-0.014488511834600284
0.1949724327418246,0.5035603809159575,0.5035603809159575
0.9487469375595096,0.25176535945054557,0.25176535945054557
0.9790457093882954,-0.17571698496118837,-0.17571698496118837
0.9947106093925028,0.0423054374265001,0.0423054374265001
0.9964252088360535,0.019965709786592473,0.019965709786592473
0.38209637835330496,-0.7535124367199479,-0.7535124367199479
0.8969383391392738,0.17022635478466905,0.17022635478466905
0.9976199876495305,-0.04208605689550977,-0.04208605689550977
0.8930725101863733,0.3048891353956894,0.3048891353956894
0.9912671002985952,0.08873021843394718,0.08873021843394718
0.7733714869780471,-0.3334667219108614,-0.3334667219108614
0.9874786839634405,-0.08265332260657991,-0.08265332260657991
0.9760963097661987,-0.17342564244425374,-0.17342564244425374
0.9980222431336632,0.048025063485529526,0.048025063485529526
0.9997015291558673,0.020391530181765056,0.020391530181765056
0.9929569418719871,0.07084406871041261,0.07084406871041261
0.9667795491123741,0.206591692114067,0.206591692114067
0.9354601228789646,0.011398123717488703,0.011398123717488703
0.9907661549238226,0.09497160352105928,0.09497160352105928
0.9852491302650487,0.13870861690924072,0.13870861690924072
0.9270149977687002,0.23642734180538083,0.23642734180538083
0.9970048388888471,-0.07667892199924785,-0.07667892199924785
0.9781127004702067,-0.04996676037246517,-0.04996676037246517
0.9999616279171761,-0.0049685944628650195,-0.0049685944628650195
0.9799059256614777,-0.11314883251922556,-0.11314883251922556
0.9901379977989658,-0.08278290026650127,-0.08278290026650127
0.9221781542312893,-0.296019203976654,-0.296019203976654
0.7279126932542169,0.5120920880736797,0.5120920880736797
0.9697331573051007,0.20500617002222485,0.20500617002222485
0.7335316947978614,0.2659119965772229,0.2659119965772229
0.7711680574122769,-0.39715445694270657,-0.39715445694270657
0.9992632425600503,0.03216770491899951,0.03216770491899951
0.9976327314545324,0.05574287131594671,0.05574287131594671
0.9041507685697581,-0.13091696198547084,-0.13091696198547084
0.7396402205229533,-0.3507455934226454,-0.3507455934226454
0.9777167677382108,0.1455743977096128,0.1455743977096128
0.9966035242430736,-0.07828492378868483,-0.07828492378868483
0.9433273498374644,-0.15696924578410848,-0.15696924578410848
0.866436559336948,-0.4340584226247645,-0.4340584226247645
0.9065445932100854,-0.1675869043249057,-0.1675869043249057
0.9580488085324553,-0.2220361564093368,-0.2220361564093368
0.9797198132891731,-0.1207116650019984,-0.1207116650019984
0.9825176516540046,0.13697121545645963,0.13697121545645963
0.9908806618857057,-0.052547984702428045,-0.052547984702428045
0.5988540748462174,0.494161169443297,0.494161169443297
0.9916570275079465,0.07227370612899886,0.07227370612899886
0.9989525096359946,-0.019736940293478427,-0.019736940293478427
0.9935941172261216,-0.09945433167845506,-0.09945433167845506
0.8883644966323923,-0.35322117411289233,-0.35322117411289233
0.8933979966791371,-0.32806292055948766,-0.32806292055948766
0.8164545321867681,0.32566762335220917,0.32566762335220917
0.9346151932844797,0.23623489764138236,0.23623489764138236
0.990807648716346,-0.13522059883206403,-0.13522059883206403
0.9832285640548867,0.13399659871466335,0.13399659871466335
0.33554768989754913,0.7672571195738074,0.7672571195738074
0.9617021471262356,0.18142359436130898,0.18142359436130898
0.9950565055365168,0.04416586019961728,0.04416586019961728
0.9984212387722569,0.04327542771355542,0.04327542771355542
0.9989524956901923,-0.006062381095868766,-0.006062381095868766
0.9808467980505587,0.14994084925176285,0.14994084925176285
0.9975950431240425,-0.03463360077316678,-0.03463360077316678
0.6554710720821235,-0.4794046616192061,-0.4794046616192061
0.9597121200129753,-0.03613995126550077,-0.03613995126550077
0.9124584660297766,0.29146232457166255,0.29146232457166255
0.927952419707246,-0.2720088973274866,-0.2720088973274866
0.994015690483236,0.06643878703253543,0.06643878703253543
0.9991665413271875,0.03435307915936967,0.03435307915936967
0.9772124555824212,-0.09727323005864319,-0.09727323005864319
0.9790203801996106,-0.11424553793537365,-0.11424553793537365
0.9425137544953915,-0.2925373035622802,-0.2925373035622802
0.9793385089304042,0.08837638260357186,0.08837638260357186
0.9469478184517923,-0.2603527216253812,-0.2603527216253812
0.9305291348205585,0.2500862496624484,0.2500862496624484
0.9698291348497661,0.184522863871526,0.184522863871526
0.9582764298394085,-0.22987688098649908,-0.22987688098649908
0.9978779570403269,-0.06498721816116901,-0.06498721816116901
0.9992851866447999,-0.008783515261814428,-0.008783515261814428
0.9999603803349242,-0.008757168318077367,-0.008757168318077367
0.9861451898118414,0.06967495058703346,0.06967495058703346
0.9982700523262176,-0.055721971529013106,-0.055721971529013106
0.9995867590073217,-0.021166409044809112,-0.021166409044809112
0.9998798232759386,0.011173707951304202,0.011173707951304202
0.9878009745741484,-0.01388187764993536,-0.01388187764993536
0.894107891487534,-0.23526519534857052,-0.23526519534857052
0.9794382951065423,0.18807289782230102,0.18807289782230102
0.9987731658872152,0.011898943523483653,0.011898943523483653
0.9886065365451969,0.14237879470223447,0.14237879470223447
0.8915988877321294,0.3894897231491741,0.3894897231491741
0.9858272636677217,0.044410041894676615,0.044410041894676615
0.909451400028497,-0.29803311441350616,-0.29803311441350616
0.9788286219609764,-0.10273251094952461,-0.10273251094952461
0.9896102866153237,-0.12785028704933044,-0.12785028704933044
0.9844021302826947,-0.13962683438900472,-0.13962683438900472
0.9981994669392086,0.04617620593454904,0.04617620593454904
0.9948110707804068,0.031457193992522,0.031457193992522
0.9454571858707542,0.22223866012600027,0.22223866012600027
0.9850922628976693,-0.12569981219614965,-0.12569981219614965
0.7853843505875798,-0.3433407213278363,-0.3433407213278363
0.990525754343606,-0.09725711584640562,-0.09725711584640562
0.9460761055934638,0.20159536406534834,0.20159536406534834
0.9246803631992547,0.14931124346215247,0.14931124346215247
0.6241769352220916,-0.5749399914712345,-0.5749399914712345
0.9483688864926486,-0.19181843550262495,-0.19181843550262495
0.9997079800650612,-0.02410115892570459,-0.02410115892570459
0.9501808467261986,0.2722537656632011,0.2722537656632011
0.9234607615081991,-0.26324207998732085,-0.26324207998732085
0.5089660778523817,-0.723310207158782,-0.723310207158782
0.9856465340298968,0.09632597028972358,0.09632597028972358
0.9496910234101537,-0.23329170531492122,-0.23329170531492122
0.4835720586008748,-0.4952533899301984,-0.4952533899301984
0.9902394815694265,0.11549698933966544,0.11549698933966544
0.9990702870790826,-0.024097143414182506,-0.024097143414182506
0.9225557662608368,0.33216242014731173,0.33216242014731173
0.8309104601869213,-0.4675498161063841,-0.4675498161063841
0.9886289587823297,0.06970488944619126,0.06970488944619126
0.9624477280222644,0.20926881472733885,0.20926881472733885
0.9927273787157046,-0.037892506068627645,-0.037892506068627645
0.9971107709009118,-0.05911118899124876,-0.05911118899124876
0.9972820254159512,-0.026469154934725934,-0.026469154934725934
0.9951090356220159,-0.06394278823571492,-0.06394278823571492
0.9686893574192295,0.20742166451814345,0.20742166451814345
0.9676871225871352,-0.12334489553685303,-0.12334489553685303
0.9877198361362513,-0.09321931346969696,-0.09321931346969696
0.9995076048198247,-0.020547011005678066,-0.020547011005678066
0.9832579574057584,0.14116260068939687,0.14116260068939687
0.9291840692525013,-0.2270414496382832,-0.2270414496382832
0.9913560985764672,0.10198339107780825,0.10198339107780825
0.9981288758494425,0.05722324040879256,0.05722324040879256
0.9805877157140276,0.16855920492562307,0.16855920492562307
0.9813329557166252,0.1334715769011702,0.1334715769011702
0.8641690229481137,-0.33731209099975756,-0.33731209099975756
0.9230379359598221,0.25929410151362153,0.25929410151362153
0.9855512551515879,-0.09515203385322735,-0.09515203385322735
0.8441474163086091,-0.4280378975170863,-0.4280378975170863
0.900517794991302,-0.2987313280625616,-0.2987313280625616
0.5561996262734816,0.7411859320039804,0.7411859320039804
0.7973007834383253,-0.5973510700846797,-0.5973510700846797
0.9988012560592898,-0.04349028779002405,-0.04349028779002405
0.8964515248907665,0.3260922928705401,0.3260922928705401
0.999745787267053,-0.02248378891891699,-0.02248378891891699
0.9882568406269844,-0.11925666972524168,-0.11925666972524168
0.9995452789848267,0.027481779041612288,0.027481779041612288
0.9858069983970299,-0.1484465437327164,-0.1484465437327164
0.9678463828097071,0.20497260347317536,0.20497260347317536
0.9595234540526445,0.21341798059585204,0.21341798059585204
0.9995179930764262,0.030583833202795473,0.030583833202795473
0.9630789011711663,0.26025855169479933,0.26025855169479933
0.5818387084803436,0.26728322045622793,0.26728322045622793
0.9912156555963485,-0.09355845785209727,-0.09355845785209727
0.6789787145571339,-0.5432801390004778,-0.5432801390004778
0.43667034371311225,-0.5340793546294543,-0.5340793546294543
0.9989045576577937,-0.04679037794648006,-0.04679037794648006
0.9951572265815449,-0.07477203669309597,-0.07477203669309597
0.9932040551997511,-0.11426862024078296,-0.11426862024078296
0.6631684392065254,-0.4895967737522727,-0.4895967737522727
0.9931996743671352,-0.06917107065550546,-0.06917107065550546
0.8364288249092034,0.12174154964790018,0.12174154964790018
0.9905222787418493,0.13496398150727654,0.13496398150727654
0.9692995178201038,0.1578133911562827,0.1578133911562827
0.9617494848774808,-0.19075710929384693,-0.19075710929384693
0.9964808920231314,0.07110720875025084,0.07110720875025084
0.9605956541488646,-0.16473041376578493,-0.16473041376578493
0.9993600097908751,0.024610063806904524,0.024610063806904524
0.9891884921504835,-0.11816115930947135,-0.11816115930947135
0.9550927956333415,0.20129214862288786,0.20129214862288786
0.9737089353811573,-0.12939213071965847,-0.12939213071965847
0.9474775755623392,-0.2310570184134042,-0.2310570184134042
0.9959788639716218,0.018639335668588282,0.018639335668588282
0.3800981761463477,-0.5494756158418586,-0.5494756158418586
0.8564631887709109,-0.4062390598063269,-0.4062390598063269
0.9868820183351796,0.07978528349037688,0.07978528349037688
0.9956677559356141,-0.0808131335099126,-0.0808131335099126
0.9575177688616722,-0.20389996308263222,-0.20389996308263222
0.9311319667838969,0.16364027333572334,0.16364027333572334
0.9601725979649403,-0.2752901296996342,-0.2752901296996342
0.9855297655024887,0.16508256767651244,0.16508256767651244
0.9278804630188089,0.18733579070480452,0.18733579070480452
0.9796674021694316,0.12220143027165357,0.12220143027165357
0.9995184597974736,-0.026716921969352294,-0.026716921969352294
0.9989338800510337,0.022687244736921842,0.022687244736921842
0.999733648176998,0.02240548351467162,0.02240548351467162
0.9941844607129203,-0.06687656433616403,-0.06687656433616403
0.9658255553879196,0.1886306220826119,0.1886306220826119
0.9727416547833374,-0.18750914793425238,-0.18750914793425238
0.9816846834711231,0.14095094707317488,0.14095094707317488
0.9332432628571486,0.27740029664948,0.27740029664948
0.908440483518761,-0.2748736671072333,-0.2748736671072333
0.868352985958032,0.2675376093394154,0.2675376093394154
0.9813544356667407,-0.1188327244026573,-0.1188327244026573
0.9910060785761118,0.10643493196569599,0.10643493196569599
0.9993999836959865,-0.0018608409329076607,-0.0018608409329076607
0.4378408686705996,-0.6264156381727676,-0.6264156381727676
0.9461772805601689,0.20291544435334866,0.20291544435334866
0.9525596578686698,-0.2521236822698236,-0.2521236822698236
0.9059584191337813,-0.13403007735170083,-0.13403007735170083
0.9934823362824694,-0.08637500430554457,-0.08637500430554457
0.8752743569049668,-0.38243495392851656,-0.38243495392851656
0.9994205193485398,0.02891862068421547,0.02891862068421547
0.9986456540935068,-0.048840360895096836,-0.048840360895096836
0.9971602826758151,-0.0746491184606275,-0.0746491184606275
0.9831880502756954,0.17384181219430492,0.17384181219430492
0.9944727012981796,-0.08490951745592226,-0.08490951745592226
0.9944838094960273,-0.09019602869107354,-0.09019602869107354
0.9769704439472896,-0.13340326954596654,-0.13340326954596654
0.9947391931514427,0.012113099292761892,0.012113099292761892
0.9938842453320623,-0.08926439225763942,-0.08926439225763942
0.9995412581495742,0.009130913956394758,0.009130913956394758
0.9993189456899921,0.018008638406443244,0.018008638406443244
0.9315268673061283,0.27570771923436066,0.27570771923436066
0.08964196671336802,-0.6153692188684153,-0.6153692188684153
0.9871575962372989,-0.12163682297409761,-0.12163682297409761
0.9993088726938354,0.02273796043390819,0.02273796043390819
0.9750767028747159,0.05788381027395796,0.05788381027395796
0.9998960852750816,0.014393373399592015,0.014393373399592015
0.9875284034401882,-0.10357704555938246,-0.10357704555938246
0.8554801489430258,-0.3236377266367708,-0.3236377266367708
0.9977624953140962,-0.050268497917882835,-0.050268497917882835
0.9988831374394236,-0.02498322496656638,-0.02498322496656638
0.9478039468992285,-0.21006257120132943,-0.21006257120132943
0.9300517389587856,-0.22010045070581205,-0.22010045070581205
0.9974426756080979,0.05211694159124653,0.05211694159124653
0.9419580668724742,-0.011151998366414952,-0.011151998366414952
0.9932051849559224,-0.08711513215543822,-0.08711513215543822
0.9170761866498284,0.2857805670973759,0.2857805670973759
0.9959323348402775,-0.05755986796381359,-0.05755986796381359
0.9292331869706979,-0.24777911283519252,-0.24777911283519252
0.9399525304091818,-0.3060973592542146,-0.3060973592542146
0.9371009624829839,-0.25879879562001135,-0.25879879562001135
0.9246541849480105,0.21963056639336587,0.21963056639336587
0.9969667548673455,0.0763629682959209,0.0763629682959209
0.9978284725751964,-0.060693049187306954,-0.060693049187306954
0.9863756829970713,-0.10975702692112026,-0.10975702692112026
0.9130848143372754,0.24969282373716042,0.24969282373716042
0.8357026427772273,-0.3735688431149378,-0.3735688431149378
-0.12949522243435194,0.6479650467858877,0.6479650467858877
0.9895140934058613,0.10647296363302523,0.10647296363302523
0.671094321091546,-0.574638803597611,-0.574638803597611
0.9855874633638448,-0.1472797851405794,-0.1472797851405794
0.9940707727807669,-0.10365483205572786,-0.10365483205572786
0.9762205204409877,-0.10695100829285856,-0.10695100829285856
0.7631299739324393,-0.26594352112400327,-0.26594352112400327
0.7600101246055351,0.5300042907946317,0.5300042907946317
0.9479046853874662,0.21011690142876402,0.21011690142876402
0.9317298414926618,0.20761329690934668,0.20761329690934668
0.882804552601279,-0.3361021705259329,-0.3361021705259329
0.999489229675012,-0.0006528718248847145,-0.0006528718248847145
0.9964961105825565,-0.08119821916638076,-0.08119821916638076
0.999241995616177,0.008299291046943269,0.008299291046943269
0.9815838559794579,-0.048552051808691044,-0.048552051808691044
0.990950303331817,-0.09091495742992751,-0.09091495742992751
0.9804533994134343,0.11136287434133586,0.11136287434133586
0.8120874774385153,0.4129660145003315,0.4129660145003315
0.9882008701940067,0.1166200484999044,0.1166200484999044
0.9978305304134879,0.041595909593501394,0.041595909593501394
0.6901841577358552,0.51971618103759,0.51971618103759
0.9941110430849069,0.07258490661481158,0.07258490661481158
0.9575056077795571,0.09889120407186715,0.09889120407186715
0.9601325764022554,-0.22160795777075531,-0.22160795777075531
0.9832421611069606,0.10941803234565367,0.10941803234565367
0.999016988018252,0.04410539082116391,0.04410539082116391
0.9023344957462478,0.31177830102344106,0.31177830102344106
0.9664745997687141,0.14871666660492006,0.14871666660492006
0.9303253208054515,-0.276495817769579,-0.276495817769579
0.9927386771329588,0.028997174269100652,0.028997174269100652
0.9983795590525903,0.037298341340202226,0.037298341340202226
0.8906429895907929,-0.36872453693742135,-0.36872453693742135
-0.7813521960892335,-0.601374063030295,-0.601374063030295
0.9960595953114832,0.06566707104358299,0.06566707104358299
0.9982914945991688,0.03887831103330529,0.03887831103330529
0.9395694822136657,-0.19344281800625387,-0.19344281800625387
0.974688355024982,0.14403589856021162,0.14403589856021162
0.9964486609880931,0.014752707909860614,0.014752707909860614
0.9974473969698845,-0.002064770582309098,-0.002064770582309098
0.9894537191274638,0.11124789766837818,0.11124789766837818
0.9900067851844172,-0.11832049488484271,-0.11832049488484271
0.9696554074725956,-0.23489547483732873,-0.23489547483732873
0.9392700181688194,0.21442598507804925,0.21442598507804925
0.8751059284017041,-0.32132836623293143,-0.32132836623293143
0.9873417320842311,0.11756238687415473,0.11756238687415473
0.9994843444985897,0.031541146279577055,0.031541146279577055
0.9871734409093366,-0.13130004023431674,-0.13130004023431674
0.9825832822655259,-0.1855079312098916,-0.1855079312098916
0.9824259447206467,-0.14789153139618763,-0.14789153139618763
0.9655387966732273,-0.111303004741205,-0.111303004741205
0.9490549237617907,0.21180157347895665,0.21180157347895665
0.9247078967389143,-0.2055037387388725,-0.2055037387388725
0.9535725657327296,-0.17204427528207203,-0.17204427528207203
0.9887181020126508,-0.09510941730910856,-0.09510941730910856
0.9999719645359435,0.006313688223643454,0.006313688223643454
0.9370030297118612,-0.24800124861341316,-0.24800124861341316
0.812256729521953,-0.21967002230960295,-0.21967002230960295
0.9869913186364246,0.014474854634286464,0.014474854634286464
0.9894425423388147,-0.11438867624069622,-0.11438867624069622
0.983691495520296,0.12416865060671152,0.12416865060671152
0.9934998750496593,0.08892279864698402,0.08892279864698402
0.9890807638027911,-0.10900805472485674,-0.10900805472485674
0.9045316792800059,0.2990166764603695,0.2990166764603695
0.9546216077688516,-0.2272562700049735,-0.2272562700049735
0.9796989221702735,0.12411024699854335,0.12411024699854335
0.9859155778864873,-0.1347918840179043,-0.1347918840179043
0.9912624981805892,0.10963742669451117,0.10963742669451117
0.9997351052580699,-0.02208699437494627,-0.02208699437494627
0.9869292955725568,0.10261339001335987,0.10261339001335987
0.995439843444985,0.05020539278559228,0.05020539278559228
0.9830931635898996,-0.025191250945377046,-0.025191250945377046
0.9644873597111547,-0.1878316717711309,-0.1878316717711309
0.9876224799141009,-0.12931310384908587,-0.12931310384908587
0.9751964846325326,-0.16661482825532578,-0.16661482825532578
0.980062937528719,-0.16115687809055182,-0.16115687809055182
0.8821341378812282,-0.3211181647419564,-0.3211181647419564
0.6754059911629566,-0.43286425191757394,-0.43286425191757394
0.8892860395403637,0.42100229163214514,0.42100229163214514
0.8859225140252132,-0.18663503256713515,-0.18663503256713515
0.8186490469129705,-0.33447185961257,-0.33447185961257
0.979011973162556,0.15711294648693658,0.15711294648693658
0.7563891573409817,0.46716513218335204,0.46716513218335204
0.9765767035552659,0.16516633153785967,0.16516633153785967
0.9186585794270636,0.3820602358967444,0.3820602358967444
0.9939818919191392,-0.080461168264479,-0.080461168264479
0.996030095160673,-0.0672239750949633,-0.0672239750949633
0.9983690009901265,0.054986673803367796,0.054986673803367796
0.9997000282878551,-0.020490727343504187,-0.020490727343504187
0.999085369254081,-0.017468529968401127,-0.017468529968401127
0.8483566412510305,0.09914642635382279,0.09914642635382279
0.9453993136969,-0.22830143863397212,-0.22830143863397212
0.9956480509290047,-0.06598052134504978,-0.06598052134504978
0.995038796316639,-0.05267403261291649,-0.05267403261291649
0.7739978282088741,0.3377671694515063,0.3377671694515063
0.9714159051975944,0.031705474439300475,0.031705474439300475
0.9999799133278129,0.0054879069357277235,0.0054879069357277235
0.9725699942212319,-0.14913478902859392,-0.14913478902859392
0.9959536175433655,-0.08237618584555878,-0.08237618584555878
0.9900466370577297,0.1075598654145638,0.1075598654145638
0.9996314293968079,-0.015253789322372346,-0.015253789322372346
0.99865828839859,-0.0517843856855147,-0.0517843856855147
0.9943844883805331,0.05749377424184159,0.05749377424184159
0.9898949257726763,0.08797009747621704,0.08797009747621704
0.9837505841927128,0.1432943557581978,0.1432943557581978
0.9045403134234574,-0.03179958015891616,-0.03179958015891616
0.9980457491680604,-0.056818106998980954,-0.056818106998980954
0.9931971830510343,0.054549772725606446,0.054549772725606446
0.99534820106497,0.0768141401122437,0.0768141401122437
0.9916781000889469,0.07289480550048008,0.07289480550048008
0.9949622116607452,-0.014881266740309646,-0.014881266740309646
0.9982935033814496,-0.04571847181203186,-0.04571847181203186
0.994639633536818,0.05279032203419596,0.05279032203419596
0.9839860783838402,0.16151340952719476,0.16151340952719476
0.9912291570384726,-0.09600496920486225,-0.09600496920486225
0.9653808316788963,-0.18582824870868608,-0.18582824870868608
0.999954987574309,-0.00618161615545118,-0.00618161615545118
0.9773926403007073,-0.14510933032610382,-0.14510933032610382
0.9925347221181181,-0.11526935833675182,-0.11526935833675182
0.8608170441721086,0.285865112437702,0.285865112437702
0.973422717981035,-0.14410117183907659,-0.14410117183907659
0.9056689446754727,0.27524027638764725,0.27524027638764725
0.956461931244049,-0.20897012232651335,-0.20897012232651335
0.8386300696749096,-0.38626888329566417,-0.38626888329566417
0.9995474474139218,-0.0022808060154641,-0.0022808060154641
0.7924275027653309,0.5184661449359333,0.5184661449359333
0.16416271009884184,-0.4840814272639523,-0.4840814272639523
0.9980315060503199,0.027957743594383473,0.027957743594383473
0.8807141599006726,-0.28369298322041103,-0.28369298322041103
0.8914233767056317,-0.32051307920091576,-0.32051307920091576
0.9815671656815093,-0.1616865654607753,-0.1616865654607753
0.9983922090070375,0.04732262496974963,0.04732262496974963
0.9858072284479423,-0.15943714570609713,-0.15943714570609713
0.9765168205969994,0.14924396502800572,0.14924396502800572
0.9687743417512139,-0.19400538226890257,-0.19400538226890257
0.9956758479608578,-0.07328169410961165,-0.07328169410961165
0.9989514507631286,0.00950928606459757,0.00950928606459757
0.5656822046279573,0.674443573899868,0.674443573899868
0.992721038296693,-0.06872568536534063,-0.06872568536534063
0.9129749243371983,-0.3044582116418435,-0.3044582116418435
0.9799945937806974,0.12539059940836267,0.12539059940836267
0.9997439877557649,0.017094168343574634,0.017094168343574634
0.9335225293449895,0.3476394026596846,0.3476394026596846
0.930129799247917,0.27890628691356856,0.27890628691356856
0.9976570258682261,-0.03736134863617246,-0.03736134863617246
0.9947517697497539,0.06681743206456127,0.06681743206456127
0.9713656325148456,-0.08790128178319198,-0.08790128178319198
0.9993145611955834,0.033797968882144085,0.033797968882144085
0.9984454695991419,0.054776789564970306,0.054776789564970306
0.9874436468986854,-0.13585668213112817,-0.13585668213112817
0.989451944886421,-0.11666321964791088,-0.11666321964791088
0.9753971957421249,0.1265117283103876,0.1265117283103876
0.9915561780895293,0.09137331632232171,0.09137331632232171
0.9928968006789078,-0.06893871393385764,-0.06893871393385764
0.9235980289301271,0.3479190587701733,0.3479190587701733
0.9995068098135262,0.03018310113396621,0.03018310113396621
0.9875298489638993,-0.1251189097235561,-0.1251189097235561
0.9827277818359061,-0.1571429308733973,-0.1571429308733973
0.9943760519972064,-0.04109433405592906,-0.04109433405592906
0.9996636531574128,-0.02419867064388543,-0.02419867064388543
0.9089468770247964,0.36953503693975714,0.36953503693975714
0.9849690103264819,0.15705735362752746,0.15705735362752746
0.9751225056349826,0.17064460696726866,0.17064460696726866
0.9813546022668518,0.12079896006496495,0.12079896006496495
0.9544814180525304,0.21780559552553663,0.21780559552553663
0.9998128668472721,-0.018851139112314518,-0.018851139112314518
0.999458096314869,-0.026325139654433907,-0.026325139654433907
0.9919361107023205,-0.0866024850658574,-0.0866024850658574
0.5150041094032735,0.5819643665179912,0.5819643665179912
0.9309922431140507,-0.22873580238077937,-0.22873580238077937
0.9002506124483282,0.258794181607789,0.258794181607789
0.9978617733451444,0.031584973315484474,0.031584973315484474
0.9097045302009119,-0.2924498272308421,-0.2924498272308421
0.9887347756060421,-0.12739012577798978,-0.12739012577798978
0.7887814674655501,0.41120945616846016,0.41120945616846016
0.9938410647168296,0.11054035057441103,0.11054035057441103
0.9997484786186519,0.0127442502713649,0.0127442502713649
0.9194597579224361,0.2561106853604282,0.2561106853604282
0.9917928797945819,-0.0872116106199449,-0.0872116106199449
0.9349064774232155,-0.22879823988574893,-0.22879823988574893
0.954537704218329,0.19321784230901307,0.19321784230901307
0.9282843478947537,-0.34746215938314207,-0.34746215938314207
0.9989501142464853,0.02434235488763079,0.02434235488763079
0.9651870106117243,0.15994804232998913,0.15994804232998913
0.9803325711565745,0.07677885865040755,0.07677885865040755
0.9957037907632139,-0.05876603735216749,-0.05876603735216749
0.9004335407602307,-0.27953512337793823,-0.27953512337793823
0.9377170158939828,-0.26478825077008306,-0.26478825077008306
0.8500051468869247,0.42546425235236535,0.42546425235236535
0.9677023265570244,0.2463054692743392,0.2463054692743392
0.9994038813280792,-0.03448171431493383,-0.03448171431493383
0.9961521930533054,0.08430956418951557,0.08430956418951557
0.9707844335762,-0.18053185741020414,-0.18053185741020414
0.915086347955641,-0.3777947875138705,-0.3777947875138705
0.998727176205141,-0.04878005735469629,-0.04878005735469629
0.8654494598582723,0.36507708477512285,0.36507708477512285
0.9863345373952185,-0.1414342229373114,-0.1414342229373114
0.9738292687398448,-0.15942515030839963,-0.15942515030839963
0.9973776336563325,-0.0332162919216476,-0.0332162919216476
0.9971168440241637,-0.07093789728096792,-0.07093789728096792
0.8786453936977633,0.3226103404529632,0.3226103404529632
0.7890194115996664,0.32898436155821353,0.32898436155821353
0.9581075479823576,0.1129089551543781,0.1129089551543781
0.9601248429581719,-0.21896918241565078,-0.21896918241565078
0.6542361014692089,0.5939987660503758,0.5939987660503758
0.9972201638812825,-0.036485342025300176,-0.036485342025300176
0.9724659605954575,0.17404292216694575,0.17404292216694575
0.978024548039614,-0.12288428401285517,-0.12288428401285517
0.9920279585845814,0.05908619128282256,0.05908619128282256
0.9621730487785886,0.16434495584932582,0.16434495584932582
0.9964595668969172,0.08200741026249314,0.08200741026249314
0.9483160158251333,-0.06855617232809573,-0.06855617232809573
0.9774707413595538,0.15637867978944026,0.15637867978944026
0.9949922186587573,-0.07212844969625887,-0.07212844969625887
0.9858436615462458,0.1447372273568562,0.1447372273568562
0.9994439182314755,-0.03302011225043327,-0.03302011225043327
0.946764633896043,-0.2672165786085576,-0.2672165786085576
0.9596049500965692,0.17851755175949802,0.17851755175949802
0.9959373456714052,0.08691592821848117,0.08691592821848117
0.9271306872180325,0.21723095013884963,0.21723095013884963
0.999389882262102,-0.032514359587098605,-0.032514359587098605
0.9981088894016354,0.008881659224731128,0.008881659224731128
0.9951596577191759,-0.06231364895137904,-0.06231364895137904
0.9998579586903479,-0.0037153023869232957,-0.0037153023869232957
0.9257027733295718,-0.2826795966319358,-0.2826795966319358
0.9914766595403597,0.08072225302343489,0.08072225302343489
0.992463980681041,-0.07906816551414698,-0.07906816551414698
0.9936900082692536,0.09356983819982063,0.09356983819982063
0.9947273027322441,-0.04664037090684419,-0.04664037090684419
0.9835891033224722,-0.1435792961279478,-0.1435792961279478
0.9984513973964168,0.042438627009473734,0.042438627009473734
0.9946176414112302,0.07204676178433446,0.07204676178433446
0.9856896734808863,-0.10392650627837131,-0.10392650627837131
0.9666082552361541,-0.214012870581466,-0.214012870581466
0.9484834261485775,0.20223777029334164,0.20223777029334164
0.835995192612703,0.4001119542683506,0.4001119542683506
0.9922527921066728,0.08445311342485591,0.08445311342485591
0.9997562716718238,-0.021970022214065143,-0.021970022214065143
0.9607295022594066,0.1752159380518469,0.1752159380518469
0.9888042629089137,-0.08573362926831081,-0.08573362926831081
0.9997581931598225,-0.02025884643189281,-0.02025884643189281
0.9997652361051712,0.02164055490458877,0.02164055490458877
0.9973292677013713,-0.055105356494717934,-0.055105356494717934
0.9814337334835309,-0.167056426631743,-0.167056426631743
0.9990829619339056,-0.042751970597738505,-0.042751970597738505
0.9710658127370976,-0.22631537927129355,-0.22631537927129355
0.9475073097742341,-0.15349395848000483,-0.15349395848000483
0.9473150133922308,0.15574734418830788,0.15574734418830788
0.9978530840721375,0.04984820301890432,0.04984820301890432
0.9648114800481993,0.04196020405119312,0.04196020405119312
0.9131005864467935,-0.23110749773831174,-0.23110749773831174
0.9987136195257394,0.03499562003463247,0.03499562003463247
0.9630436386669935,-0.1365096395928389,-0.1365096395928389
0.9996234949796103,0.012478903444059188,0.012478903444059188
0.9687675238653264,-0.17685957445051506,-0.17685957445051506
0.9331908476076082,0.26246130700300563,0.26246130700300563
0.9965195585797441,-0.04111896687529608,-0.04111896687529608
0.9983247868677265,0.03175244687596481,0.03175244687596481
0.9967669081833168,-0.05651733452638024,-0.05651733452638024
0.6195756687408406,0.6446740624674308,0.6446740624674308
0.9787479849039671,0.20192462801055577,0.20192462801055577
0.975690506890849,-0.10303986050043899,-0.10303986050043899
0.872655713686095,0.2409104083341408,0.2409104083341408
0.9909823855116614,0.11442578629228903,0.11442578629228903
0.9922029382587358,0.09314193786908127,0.09314193786908127
0.9996570014053527,0.018770384694018896,0.018770384694018896
0.9943939143335063,-0.10330587685529964,-0.10330587685529964
0.9678950720238894,-0.16012954339525573,-0.16012954339525573
0.9481703015345979,0.1957615761822608,0.1957615761822608
0.9986088464344969,-0.010749472337106837,-0.010749472337106837
0.8431683556440551,-0.36100300464231344,-0.36100300464231344
0.9973823612797714,0.024431264417540084,0.024431264417540084
0.725634448249237,-0.41906559231555496,-0.41906559231555496
0.9914813102629714,-0.12167618869835174,-0.12167618869835174
0.9986115726881728,-0.030635709638824147,-0.030635709638824147
0.9955241081731036,-0.0772815284228636,-0.0772815284228636
0.9766328475697597,0.12098487865452294,0.12098487865452294
0.9786828466171603,-0.13069057365348138,-0.13069057365348138
0.9987951767034157,0.030863183800094784,0.030863183800094784
0.9023976508762979,0.303937726073245,0.303937726073245
0.9495693899381976,-0.23608183059260793,-0.23608183059260793
0.9470584205212577,-0.29042218381586765,-0.29042218381586765
0.9874763478125085,0.13104640160644512,0.13104640160644512
0.9997774894242181,0.0005275776387789297,0.0005275776387789297
0.9995608156540648,-0.016568678489272334,-0.016568678489272334
0.9833807328644659,-0.137215926264553,-0.137215926264553
0.9964410951581419,-0.051043603359337573,-0.051043603359337573
0.9894023848927048,0.12302142775047416,0.12302142775047416
0.6947492791763668,-0.5440469502402977,-0.5440469502402977
0.9955351889544571,0.053707869101963034,0.053707869101963034
0.9477788936187213,-0.2094597641931046,-0.2094597641931046
0.9963404762039616,0.05308019753595853,0.05308019753595853
0.9641498326347319,-0.19677076841027924,-0.19677076841027924
0.955200190467128,-0.20067850717668909,-0.20067850717668909
0.9990265995500996,-0.037450172865713935,-0.037450172865713935
0.7684336291741244,-0.4757182426834343,-0.4757182426834343
0.9711370352627031,-0.18069307304084498,-0.18069307304084498
0.9975761497516258,0.06165932876046304,0.06165932876046304
0.8109212200876926,0.5682822313718362,0.5682822313718362
0.9846412740484662,0.1202984443681011,0.1202984443681011
0.9266556743234475,-0.25631992205597787,-0.25631992205597787
0.9959490903797104,-0.04530281077609659,-0.04530281077609659
0.9725034810807145,0.14255108011750148,0.14255108011750148
0.9264369483578034,-0.27188018811005743,-0.27188018811005743
0.9688831467327671,0.17921135778094707,0.17921135778094707
0.9982876063642457,0.011777753727211623,0.011777753727211623
0.99822000123119,-0.03600442854565443,-0.03600442854565443
0.9937386016343701,0.0482860018258378,0.0482860018258378
0.9977876976844724,0.025819440961002704,0.025819440961002704
0.9554253525853387,-0.20698550060352616,-0.20698550060352616
0.44392017030502573,0.0014147071682526742,0.0014147071682526742
0.9719175803908806,0.1403836957214793,0.1403836957214793
0.9941510474108625,0.10599119747120489,0.10599119747120489
0.9945928956883543,0.09471872064822714,0.09471872064822714
0.984561745991863,-0.1452621303984209,-0.1452621303984209
0.9809021221331566,-0.13841976551783491,-0.13841976551783491
0.9940363961083128,-0.05724975460061455,-0.05724975460061455
0.9646748967065784,-0.2159485326367574,-0.2159485326367574
0.9866600177217282,0.11828588360685796,0.11828588360685796
0.9911476155710573,-0.10174413113174972,-0.10174413113174972
0.9974197025167861,-0.06587610367798627,-0.06587610367798627
0.9956470924785377,0.0767822542081513,0.0767822542081513
0.9856516694179273,-0.10268571386179044,-0.10268571386179044
0.9962433457890831,-0.06460850877312833,-0.06460850877312833
0.9408350230160772,0.2625325305163071,0.2625325305163071
0.9983173085613629,0.03622745762461311,0.03622745762461311
0.9987486657485343,0.04003992801310441,0.04003992801310441
0.9992156766292138,-0.03776579776201376,-0.03776579776201376
0.9942251911676506,-0.07952615895402662,-0.07952615895402662
0.9559958659571554,-0.25644072154285225,-0.25644072154285225
0.8867950967076745,-0.3282657951868665,-0.3282657951868665
0.9937557965517981,-0.051197854495838475,-0.051197854495838475
0.9985685327425085,-0.038490990716456404,-0.038490990716456404
0.9980675725154472,-0.06010809447234623,-0.06010809447234623
0.988245565855345,-0.12552898045473707,-0.12552898045473707
0.9906641123266218,0.12502536311784126,0.12502536311784126
0.9977896914181001,-0.03398050716445597,-0.03398050716445597
0.9988164951656691,0.04131343548085117,0.04131343548085117
0.9904158990232738,0.10638216904135028,0.10638216904135028
0.9997062104406311,-0.02024186959192931,-0.02024186959192931
0.9996506098612792,0.02520965040397177,0.02520965040397177
0.9580585325242904,-0.20978542070573547,-0.20978542070573547
0.9929915841789633,-0.0943264062752475,-0.0943264062752475
0.9922660346084121,0.06999047961508288,0.06999047961508288
0.9998264396000948,-0.016349285696233114,-0.016349285696233114
0.9979767667689537,0.02276644675151959,0.02276644675151959
0.8932782130442225,0.3466279631570258,0.3466279631570258
0.9712725507096791,-0.10718216182755143,-0.10718216182755143
0.9996329512943843,-0.006681467469148601,-0.006681467469148601
0.989352908488021,0.1306629079398857,0.1306629079398857
0.999349066143814,-0.03533479324371432,-0.03533479324371432
0.9992238701894103,0.026900680110834886,0.026900680110834886
0.9408449379473113,-0.21370833530359973,-0.21370833530359973
0.9997617763631711,-0.01429909135063402,-0.01429909135063402
0.9998442843441179,-0.013130481389538227,-0.013130481389538227
0.9371772659705322,0.2444896649253278,0.2444896649253278
0.924640327863039,-0.23207835032920104,-0.23207835032920104
0.9202958088721328,-0.38191275740320574,-0.38191275740320574
0.9970107434367694,-0.06435418976163407,-0.06435418976163407
0.9758340576487528,-0.17189647752142975,-0.17189647752142975
0.9998628859976372,0.004707306413507467,0.004707306413507467
0.9300210553800591,-0.2576964528098361,-0.2576964528098361
0.8949712769247687,0.3113500473225251,0.3113500473225251
0.9871343901963433,0.11487175985675643,0.11487175985675643
0.9961715260237511,-0.04567025746854105,-0.04567025746854105
0.9994206167053153,-0.028633987074546355,-0.028633987074546355
0.9986225069328147,0.029426253374993116,0.029426253374993116
0.948799243443537,0.22132670074289792,0.22132670074289792
0.9396102970532892,-0.3402426038889905,-0.3402426038889905
0.9564182499931748,0.10303900510083625,0.10303900510083625
0.9984900626972494,-0.04641120211027846,-0.04641120211027846
0.9558472859397579,-0.2530368302160825,-0.2530368302160825
0.9876195274775252,-0.1254701587959867,-0.1254701587959867
0.9174240520980306,0.2875218629855728,0.2875218629855728
0.9978069699823674,0.039338595423024966,0.039338595423024966
0.998991579440525,0.03694101300036387,0.03694101300036387
0.9941781573347706,0.0635028377856613,0.0635028377856613
0.9730469485031256,-0.1348029930366741,-0.1348029930366741
0.9942345214435936,-0.06890942312562993,-0.06890942312562993
0.9938479668810963,0.09170942719302139,0.09170942719302139
0.9974731620140235,-0.06475166706957766,-0.06475166706957766
0.9770315497474716,0.16861641647353992,0.16861641647353992
0.9999398631141997,-0.005392302629061493,-0.005392302629061493
0.9309096142236308,-0.25897181566288985,-0.25897181566288985
0.9938397877894731,-0.07717010924154442,-0.07717010924154442
0.9988172777702307,-0.04731269992466951,-0.04731269992466951
0.9992054763094802,-0.009952995953278736,-0.009952995953278736
0.9900024914666351,-0.08182307746737785,-0.08182307746737785
0.990791835297818,0.10859174583051459,0.10859174583051459
0.9566411937537149,0.19111572313397313,0.19111572313397313
0.9761592992290242,0.18197532607878625,0.18197532607878625
0.9960042508461799,-0.0696106610714517,-0.0696106610714517
0.9997327088909153,-0.010086158653469273,-0.010086158653469273
0.9932181272825851,-0.09039737848354462,-0.09039737848354462
0.9917993077438252,-0.10472305387731597,-0.10472305387731597
0.9738098648598329,-0.13965166066053436,-0.13965166066053436
0.8210645039142173,-0.29813626083569894,-0.29813626083569894
0.9808563621496746,-0.19134035530387877,-0.19134035530387877
0.999443775521455,-0.0320825362351667,-0.0320825362351667
0.9955027142119671,-0.04965308284554844,-0.04965308284554844
0.9832157279550483,-0.05785780379394012,-0.05785780379394012
0.9851346342177921,0.13325043921403287,0.13325043921403287
0.879978589946959,-0.3723443593635026,-0.3723443593635026
0.9999306902058861,0.0008780135394528309,0.0008780135394528309
0.7805934366993315,0.6069357549387107,0.6069357549387107
0.9936056656929619,-0.09762416428857944,-0.09762416428857944
0.9868691896302939,-0.043700675479488194,-0.043700675479488194
0.9276851052521572,0.2609841996939033,0.2609841996939033
0.99447369824517,-0.09475484766815533,-0.09475484766815533
0.9515085197575507,-0.2605605737529151,-0.2605605737529151
0.9415318086121287,-0.23747484215494863,-0.23747484215494863
0.9036507718149044,0.26843984601256266,0.26843984601256266
0.993814482580375,-0.08168629655793518,-0.08168629655793518
0.9896326391695893,-0.08582444736696755,-0.08582444736696755
0.9734682480058995,-0.15561923013892376,-0.15561923013892376
0.9932702076516992,-0.020528927499188027,-0.020528927499188027
0.9958785536440803,-0.08151362556129557,-0.08151362556129557
0.9704052492086094,-0.18009733817715873,-0.18009733817715873
0.9993553361060477,0.03150318951451617,0.03150318951451617
0.9765585998153635,-0.06253444547311447,-0.06253444547311447
0.9981063731948191,0.020577945184594874,0.020577945184594874
0.9977604074000959,0.025002999741295502,0.025002999741295502
0.9939192111606787,-0.06528754039876439,-0.06528754039876439
0.9857022025803116,-0.11444042710903887,-0.11444042710903887
0.9814882790135827,-0.14113857003987376,-0.14113857003987376
0.9995221790386276,0.021763501042406663,0.021763501042406663
0.6309252517571662,-0.7140721432258927,-0.7140721432258927
0.9170479420574948,-0.2674789423377285,-0.2674789423377285
0.9996138610519989,-0.010227351708692378,-0.010227351708692378
0.99903563573357,0.005317725225201327,0.005317725225201327
0.9995865949864409,-0.012439707094002378,-0.012439707094002378
0.9999802971438387,0.00014939247797040984,0.00014939247797040984
0.9864172011405229,0.12251273619327947,0.12251273619327947
0.9704686422440992,-0.1993149373509789,-0.1993149373509789
0.9882086286820667,0.11967339148667057,0.11967339148667057
0.9896073584249148,-0.07536056227187694,-0.07536056227187694
0.9978502006859857,0.01582625674510167,0.01582625674510167
0.9504528882301931,0.23464552061980515,0.23464552061980515
0.9719993427304602,0.1804606576008253,0.1804606576008253
0.9903003449347433,0.10432288573093045,0.10432288573093045
0.997188999084441,0.06356950079100254,0.06356950079100254
0.9833892364696049,0.11693602122789867,0.11693602122789867
0.9791348454389112,-0.14184842839350853,-0.14184842839350853
0.8946491536383545,-0.2398223413544653,-0.2398223413544653
0.9998447536323741,-0.00680147974507258,-0.00680147974507258
0.9941075530979532,0.07959021549850906,0.07959021549850906
0.9974021731415539,-0.06575340857141083,-0.06575340857141083
0.976206727796257,-0.13118050027659353,-0.13118050027659353
0.9682888892232179,0.13638506772208095,0.13638506772208095
0.9855674271324595,0.11632464281930914,0.11632464281930914
0.9984310025054539,-0.015521475589929288,-0.015521475589929288
0.9156108258925482,-0.27690805407476093,-0.27690805407476093
0.9912382510784824,-0.09785203097960439,-0.09785203097960439
0.9995551103238424,0.02443374807718953,0.02443374807718953
0.9846042430616169,-0.1249883496515058,-0.1249883496515058
0.9987383348961105,-0.03426521705424651,-0.03426521705424651
0.9974720987950625,-0.050566141460747144,-0.050566141460747144
0.9995496615433573,-0.01920036342472878,-0.01920036342472878
0.9989871980037633,0.021107552725311243,0.021107552725311243
0.9943131007714262,0.06665436209993354,0.06665436209993354
0.9986237697302293,0.040533939575433414,0.040533939575433414
0.9926008136820449,-0.10202370912697212,-0.10202370912697212
0.996684829331594,0.0429633106620084,0.0429633106620084
0.9899233231980895,0.10739697288770321,0.10739697288770321
0.9829437214831704,0.14017863499392932,0.14017863499392932
0.9996856494007316,0.0146356208982286,0.0146356208982286
0.9900267586965393,-0.07162371865161682,-0.07162371865161682
0.9927718637374173,-0.07461612475038976,-0.07461612475038976
0.9845982686677648,-0.13614466686797247,-0.13614466686797247
0.9997358050379379,-0.00911331983996348,-0.00911331983996348
0.9993622027894744,-0.032116245599111554,-0.032116245599111554
0.9944737875473997,-0.05864493187420999,-0.05864493187420999
0.982520382768777,0.13671020504608505,0.13671020504608505
0.9982512320349312,0.03943921716009465,0.03943921716009465
0.9963396863202205,-0.06471903958353833,-0.06471903958353833
0.9854412727423835,-0.13842556285703206,-0.13842556285703206
0.9833265565134581,-0.12199423839539678,-0.12199423839539678
0.9986216032616896,-0.04051114081694185,-0.04051114081694185
0.9999549669124745,-0.009301530725496401,-0.009301530725496401
0.9823264142205398,0.07951319900948373,0.07951319900948373
0.9523217414178692,0.23315870125352434,0.23315870125352434
0.9763443856522644,0.12769315622417673,0.12769315622417673
0.9922861985785112,-0.06006551895040436,-0.06006551895040436
0.9855493883488825,-0.12033432909753017,-0.12033432909753017
0.9745501725871618,-0.15553952629493953,-0.15553952629493953
0.989846767738445,0.0415939050640276,0.0415939050640276
0.9967449117468311,-0.029884375029843518,-0.029884375029843518
0.920519662516148,0.28851214355155513,0.28851214355155513
0.35125208488862303,-0.8035160648714795,-0.8035160648714795
0.9236363700539542,-0.3016761575294316,-0.3016761575294316
0.8602185977621707,-0.3489620587132242,-0.3489620587132242
0.9319667551593672,-0.15453261008723615,-0.15453261008723615
0.9644413987264759,0.1809964864561747,0.1809964864561747
0.9969258039310437,-0.07141346653582925,-0.07141346653582925
0.9844382200452453,0.12749154124563142,0.12749154124563142
0.9577924087953971,0.15354824062623074,0.15354824062623074
0.46623647622886544,0.553371772341301,0.553371772341301
0.9391897541366414,0.1589397820511239,0.1589397820511239
0.08811032335690844,0.4020929475437082,0.4020929475437082
0.9998066869152777,-0.007980741577680422,-0.007980741577680422
0.9994477425913835,-0.030799758026243813,-0.030799758026243813
0.9390990231653328,-0.3047432483680083,-0.3047432483680083
0.99912897767309,-0.04159821171347807,-0.04159821171347807
0.9873587183775888,0.09941519526677763,0.09941519526677763
0.9985857849285856,0.050496844643070526,0.050496844643070526
0.950112531101304,0.21911935744974392,0.21911935744974392
0.8949958846781036,-0.30932222677112947,-0.30932222677112947
0.8927987005639512,-0.26087823158897183,-0.26087823158897183
0.9932620886329238,0.049996598825901885,0.049996598825901885
0.9720187795282199,0.1864441527490835,0.1864441527490835
0.942816141839963,0.2580556853642118,0.2580556853642118
0.8735527480063531,-0.24969416801155314,-0.24969416801155314
0.9812724100043588,0.10563265605819419,0.10563265605819419
0.9544375521830072,0.20504312422104487,0.20504312422104487
0.9995266887780749,-0.027875987279615114,-0.027875987279615114
0.9516294032774505,-0.13602560832185723,-0.13602560832185723
0.9771778213335295,-0.1144510310606625,-0.1144510310606625
0.9978032788413618,0.02545904128557398,0.02545904128557398
0.7669376705675816,0.4937905098893441,0.4937905098893441
0.9944060569693405,0.08262040773462603,0.08262040773462603
0.9927444651286421,0.08071533404834214,0.08071533404834214
0.9254559079233582,-0.2877640103586903,-0.2877640103586903
0.9182386038792728,0.27300320032528597,0.27300320032528597
0.9851743174536821,-0.13145324015204365,-0.13145324015204365
0.980223526578004,0.15187651497766178,0.15187651497766178
0.9444410398195904,-0.2312795207559517,-0.2312795207559517
0.9924378545492175,0.08313492903951944,0.08313492903951944
0.9809263551375582,0.1193925282732366,0.1193925282732366
0.9944429388190591,-0.07990390412051468,-0.07990390412051468
0.9279604737084588,0.26361933407640015,0.26361933407640015
1.0,0.0,0.0
1.0,0.0,0.0
1.0,0.0,0.0
1.0,0.0,0.0
1.0,0.0,0.0
1.0,0.0,0.0
1.0,0.0,0.0
1.0,0.0,0.0
1.0,0.0,0.0
1.0,0.0,0.0
1.0,0.0,0.0
1.0,0.0,0.0
1.0,0.0,0.0
1.0,0.0,0.0
1.0,0.0,0.0
1.0,0.0,0.0
1.0,0.0,0.0
1.0,0.0,0.0
1.0,0.0,0.0
1.0,0.0,0.0
1.0,0.0,0.0
1.0,0.0,0.0
1.0,0.0,0.0
1.0,0.0,0.0
1.0,0.0,0.0
1.0,0.0,0.0
1.0,0.0,0.0
1.0,0.0,0.0
1.0,0.0,0.0
1.0,0.0,0.0
1.0,0.0,0.0
1.0,0.0,0.0
1.0,0.0,0.0
1.0,0.0,0.0
1.0,0.0,0.0
1.0,0.0,0.0
1.0,0.0,0.0
1.0,0.0,0.0
1.0,0.0,0.0
1.0,0.0,0.0
1.0,0.0,0.0
1.0,0.0,0.0
1.0,0.0,0.0
1.0,0.0,0.0
1.0,0.0,0.0
1.0,0.0,0.0
1.0,0.0,0.0
1.0,0.0,0.0
1.0,0.0,0.0
1.0,0.0,0.0
1.0,0.0,0.0
1.0,0.0,0.0
1.0,0.0,0.0
1.0,0.0,0.0
1.0,0.0,0.0
1.0,0.0,0.0
1.0,0.0,0.0
1.0,0.0,0.0
1.0,0.0,0.0
1.0,0.0,0.0
1.0,0.0,0.0
1.0,0.0,0.0
1.0,0.0,0.0
1.0,0.0,0.0
1.0,0.0,0.0
1.0,0.0,0.0
1.0,0.0,0.0
1.0,0.0,0.0
1.0,0.0,0.0
1.0,0.0,0.0
1.0,0.0,0.0
1.0,0.0,0.0
1.0,0.0,0.0
1.0,0.0,0.0
1.0,0.0,0.0
1.0,0.0,0.0
1.0,0.0,0.0
1.0,0.0,0.0
1.0,0.0,0.0
1.0,0.0,0.0
1.0,0.0,0.0
1.0,0.0,0.0
1.0,0.0,0.0
1.0,0.0,0.0
1.0,0.0,0.0
1.0,0.0,0.0
1.0,0.0,0.0
1.0,0.0,0.0
1.0,0.0,0.0
1.0,0.0,0.0
1.0,0.0,0.0
1.0,0.0,0.0
1.0,0.0,0.0
1.0,0.0,0.0
1.0,0.0,0.0
1.0,0.0,0.0
1.0,0.0,0.0
1.0,0.0,0.0
1.0,0.0,0.0
1.0,0.0,0.0
1.0,0.0,0.0
1.0,0.0,0.0
1.0,0.0,0.0
1.0,0.0,0.0
1.0,0.0,0.0
1.0,0.0,0.0
1.0,0.0,0.0
1.0,0.0,0.0
1.0,0.0,0.0
1.0,0.0,0.0
1.0,0.0,0.0
1.0,0.0,0.0
1.0,0.0,0.0
1.0,0.0,0.0
1.0,0.0,0.0
1.0,0.0,0.0
1.0,0.0,0.0
1.0,0.0,0.0
1.0,0.0,0.0
1.0,0.0,0.0
1.0,0.0,0.0
1.0,0.0,0.0
1.0,0.0,0.0
1.0,0.0,0.0
1.0,0.0,0.0
1.0,0.0,0.0
1.0,0.0,0.0
1.0,0.0,0.0
1.0,0.0,0.0
1.0,0.0,0.0
1.0,0.0,0.0
1.0,0.0,0.0
1.0,0.0,0.0
1.0,0.0,0.0
1.0,0.0,0.0
1.0,0.0,0.0
1.0,0.0,0.0
1.0,0.0,0.0
1.0,0.0,0.0
1.0,0.0,0.0
1.0,0.0,0.0
1.0,0.0,0.0
1.0,0.0,0.0
1.0,0.0,0.0
1.0,0.0,0.0
1.0,0.0,0.0
1.0,0.0,0.0
1.0,0.0,0.0
1.0,0.0,0.0
1.0,0.0,0.0
1.0,0.0,0.0
1.0,0.0,0.0
1.0,0.0,0.0
1.0,0.0,0.0
1.0,0.0,0.0
1.0,0.0,0.0
1.0,0.0,0.0
1.0,0.0,0.0
1.0,0.0,0.0
1.0,0.0,0.0
1.0,0.0,0.0
1.0,0.0,0.0
1.0,0.0,0.0
1.0,0.0,0.0
1.0,0.0,0.0
1.0,0.0,0.0
1.0,0.0,0.0
1.0,0.0,0.0
1.0,0.0,0.0
1.0,0.0,0.0
1.0,0.0,0.0
1.0,0.0,0.0
1.0,0.0,0.0
1.0,0.0,0.0
1.0,0.0,0.0
1.0,0.0,0.0
1.0,0.0,0.0
1.0,0.0,0.0
1.0,0.0,0.0
1.0,0.0,0.0
1.0,0.0,0.0
1.0,0.0,0.0
1.0,0.0,0.0
1.0,0.0,0.0
1.0,0.0,0.0
1.0,0.0,0.0
1.0,0.0,0.0
1.0,0.0,0.0
1.0,0.0,0.0
1.0,0.0,0.0
1.0,0.0,0.0
1.0,0.0,0.0
1.0,0.0,0.0
1.0,0.0,0.0
1.0,0.0,0.0
1.0,0.0,0.0
1.0,0.0,0.0
1.0,0.0,0.0
1.0,0.0,0.0
1.0,0.0,0.0
1.0,0.0,0.0
1.0,0.0,0.0
1.0,0.0,0.0
1.0,0.0,0.0
1.0,0.0,0.0
1.0,0.0,0.0
1.0,0.0,0.0
1.0,0.0,0.0
1.0,0.0,0.0
1.0,0.0,0.0
1.0,0.0,0.0
1.0,0.0,0.0
1.0,0.0,0.0
1.0,0.0,0.0
1.0,0.0,0.0
1.0,0.0,0.0
1.0,0.0,0.0
1.0,0.0,0.0
1.0,0.0,0.0
1.0,0.0,0.0
1.0,0.0,0.0
1.0,0.0,0.0
1.0,0.0,0.0
1.0,0.0,0.0
1.0,0.0,0.0
1.0,0.0,0.0
1.0,0.0,0.0
1.0,0.0,0.0
1.0,0.0,0.0
1.0,0.0,0.0
1.0,0.0,0.0
1.0,0.0,0.0
1.0,0.0,0.0
1.0,0.0,0.0
1.0,0.0,0.0
1.0,0.0,0.0
1.0,0.0,0.0
1.0,0.0,0.0
1.0,0.0,0.0
1.0,0.0,0.0
1.0,0.0,0.0
1.0,0.0,0.0
1.0,0.0,0.0
1.0,0.0,0.0
1.0,0.0,0.0
1.0,0.0,0.0
1.0,0.0,0.0
1.0,0.0,0.0
1.0,0.0,0.0
1.0,0.0,0.0
1.0,0.0,0.0
1.0,0.0,0.0
1.0,0.0,0.0
1.0,0.0,0.0
1.0,0.0,0.0
1.0,0.0,0.0
1.0,0.0,0.0
1.0,0.0,0.0
